4167359922 -0.0145549
648299962 -0.0138413
1342157981 -0.0116462
414185897 -0.00978371
548038340 -0.00163309
220906968 -0.00860768
3103721368 -0.00129545
2123068591 -0.00415007
4137844462 -0.00129545
1331964967 -0.16443
1156616150 -0.00074299
3615457753 -0.0062037
4258915161 -0.00234641
2208327497 -0.0126439
3113006428 -0.0190491
367814234 -0.00317317
2117133652 -0.00105364
2026563337 0.00396122
3227208719 0.00432657
594719562 -0.0035274
3611081134 -0.00248836
3507834445 -0.0242078
2023937645 -0.0318255
3077625518 -0.0318255
2843824084 -0.0035274
3390545656 -0.000770853
948043381 -0.00342759
562900972 -0.0190491
409439540 -0.0491671
138957387 -0.00441983
3484842215 -0.16443
331219308 -0.16443
362647885 -0.0702289
309476610 -0.00646096
2588037217 -0.0053055
76750958 -0.000770853
503523818 -0.16443
406984589 -0.00884294
1088945299 -0.0116462
1083394991 -0.0324013
2919182003 -0.0024299
3962483774 -0.00182197
1560336220 -0.0163242
328194109 -0.00614371
694678698 -0.00441661
1794856285 -0.0024299
2099288197 -0.0053055
3454942386 -0.16443
2342242945 -0.00472252
3928550205 -0.0214125
417937679 0.00217597
1994507682 -0.16443
3501619897 -0.0145549
2353789938 -0.00946626
2192770400 -0.0952583
2922694512 -0.00554043
2992361098 -0.0952583
350495454 -0.0022724
664194804 -0.0491671
619514656 -0.00201061
450879470 0.00432657
4085699543 -0.00635191
2641233962 -0.107812
722686710 -0.00658057
3040060696 -0.00658057
854720261 -0.00658057
408795628 -0.0134389
837496238 -0.0022724
3201352653 -0.00787961
1032703249 -0.00147747
33450972 -0.00147747
3711008206 -0.00201061
587092444 -0.0024299
2037897888 -0.00550265
1957257775 -0.00320261
2669474086 -0.0024299
1299330628 -0.000956732
784611069 -0.00166112
3828226200 -0.0768625
340020233 -0.00248836
1214198145 -0.0053055
3605202573 -0.000949461
2125847845 -0.00415007
3327645142 -0.000949461
3586533348 -0.00320261
3701340724 -0.00105364
2919392317 -0.00320261
1297152772 -0.000364692
1879909838 -0.0148092
240321797 -0.00984948
3387954407 -0.00166112
2368328509 -0.000364692
3512686521 -0.00414524
2127797818 -0.00756761
1816786186 -0.0116462
31130388 0.00589323
1460362125 -0.0348582
535941527 -0.0134332
2808859044 -0.0952583
3904323026 -0.00815908
1461071546 -0.00884294
3223614919 -0.00441983
4210192640 -0.00415007
2739197308 -0.00719836
103118721 -0.000770853
1227902734 -0.0113613
1886972492 -0.0508116
1610117894 -0.0035274
348965350 -0.0865143
3622032981 -0.0174243
3340792401 -0.00317358
867396152 -0.00978371
3473645296 -0.0062037
75549082 -0.00646096
1042673590 -0.107812
3784273830 -0.00163309
2813716466 -0.00147747
3784310625 -0.0768625
1692767744 -0.0768625
2778546339 -0.00472252
3876134116 -0.00773385
1502963371 -0.00978371
4284594406 -0.0148092
1955984430 -0.00248836
570932490 -0.0053055
4259269111 -0.00671898
4258127227 -0.0171726
4145317105 -0.000770853
3162095595 0.00589323
4100164576 0.00396122
484309559 -0.0145549
3269753752 -0.0242078
2272255135 -0.0113826
813781066 -0.00946626
1019609506 -0.0194476
1139488070 -0.0448527
3088274299 -0.00163309
2105107960 -0.00201061
506765730 -0.0113613
3808351211 -0.0318255
1668202269 -0.0190491
1214918195 -0.108734
2626831277 -0.0194476
1412340566 -0.00168321
967194564 -0.00234641
2589233783 -0.0397713
3422913332 -0.0134389
652877872 -0.00974234
3524065126 -0.16443
3490111306 -0.0126439
3124735508 -0.0138413
24766274 -0.00946626
2999558953 -0.16443
3014335135 -0.00265877
1728049363 -0.00978371
60608086 -0.00974234
2051163565 -0.0138413
1555760317 -0.00105364
4072383076 -0.0504486
2621622536 -0.16443
1379313878 -0.0113826
53654230 -0.00414524
1304272554 -0.0171726
4112518923 -0.16443
3155893353 0.00217597
3679368291 -0.00282919
3513799629 -0.0145549
1036271242 -0.00163309
2949164478 -0.00984948
722599523 -0.00165399
4093622152 -0.00428424
1563778072 -0.00860768
1163448830 -0.00163309
60313977 -0.0101398
1123418009 -0.000830009
2636560243 -0.0113826
3196305184 -0.00166112
1800304628 -0.00954751
862088666 -0.0952583
2282412694 -0.0397713
4181232444 -0.0324013
198393422 -0.0134332
1068486945 -0.16443
2511575324 -0.0768625
340283560 -0.0327369
1853351806 -0.00787961
1868785517 -0.000830009
1955002940 -0.0113826
1944161631 -0.0113613
3889918511 -0.00984948
3997492553 -0.00978371
1830739977 -0.00860768
2429821563 -0.16443
2256266646 -0.000830009
1249324714 -0.000830009
3159882689 -0.0190491
1106053494 -0.0148092
1141674736 -0.0035274
1624232979 -0.000949461
3661966879 -0.0190491
2009499608 -0.0134389
2633191638 -0.0134389
4160373385 -0.0180453
3957647522 -0.0214125
847094226 -0.0163242
1840549049 -0.00671898
4072636110 -0.00671898
816205235 -0.0116462
2569680726 -0.00441983
642521268 -0.00946626
4150456259 -0.0280102
2348409359 -0.00884294
2353315960 -0.00946626
989097633 -0.143333
3450350195 -0.00234641
2169194919 -0.16443
503113475 0.00432657
3040627814 -0.00441983
3413310241 -0.0210782
3651098565 -0.0022724
1956232018 -0.0214125
242579288 -0.0134389
3454216039 -0.0210782
2996734433 -0.0214125
246159599 0.00651089
2659434454 -0.00472252
236369400 -0.00974234
3340113727 -0.00320261
3284042598 -0.00261839
520661538 -0.000830009
4218091012 -0.0134332
3241095964 -0.00884294
943524439 -0.0024299
3274511591 -0.00201061
2257091313 -0.0242078
1874121111 -0.00105364
3650476081 -0.0242078
3992833684 -0.0135115
916791228 -0.0318255
3295815498 -0.0138413
3756591986 -0.0035274
677201290 -0.0113613
2999644973 -0.0126439
2166721244 -0.00105364
609703868 -0.00660232
687381725 -0.0070654
2459566987 -0.00317358
3676840785 -0.00727777
3119150608 -0.0062037
3408801716 -0.0062037
2201423994 -0.0138413
2913616310 -0.00646096
4073368448 0.00432657
755151769 -0.00441983
603145376 -0.0171726
3824128002 -0.00671898
1747869855 -0.0194476
187665100 -0.00166112
3520458539 0.00223692
4252437569 -0.0010689
1348676663 -0.00221698
2076461858 0.00589323
2864731008 0.00589323
168721373 -0.108734
2934824804 -0.16443
3178482882 -0.00129545
1855717160 -0.00860768
726748024 -0.00129545
4157794503 -0.00414524
2467071049 -0.16443
3576510868 -0.107812
2528188504 -0.00314223
3307149330 -0.00428424
3002809686 -0.00196183
2597147609 -0.00274556
3573108544 0.00217597
1208828684 -0.0113826
609342700 -0.00658057
1552103602 -0.16443
960766302 -0.00472252
4153900588 -0.00787961
4068714951 -0.0324013
40996090 -0.0210782
1659218527 -0.0210782
3256501030 -0.0163242
1402554340 -0.00984948
2183104177 -0.000949461
2084248659 -0.0171726
394783903 -0.00274556
3077701824 -0.00234641
303606737 -0.00234641
2824890499 -0.16443
789587149 -0.0126439
4167620350 -0.00550265
1696892145 -0.00550265
1430112322 -0.16443
649420955 -0.00428424
1688910903 -0.0242078
1358373431 -0.0022724
3419577079 -0.0194476
2728127955 -0.0180453
2924471996 -0.0397713
1759058572 -0.000770853
4205517319 -0.107812
4049155636 -0.0126439
2809633026 0.00217597
3175070855 -0.0491671
3578303371 -0.0324013
3514939599 -0.00787961
4258525089 -0.16443
3468144064 -0.0397713
1614564814 -0.0768625
2722766595 -0.0316023
144944517 -0.0475905
1668394961 -0.108734
2037212670 -0.00317358
3984727704 -0.00317358
2655866658 -0.00129545
2870066588 0.00217597
1638609704 -0.0186388
3285021726 -0.00546794
2832312000 -0.0952583
2798145565 -0.00274556
2372549128 -0.0134332
2131827147 -0.0180453
2203438724 -0.0948985
2578480025 -0.000364692
777599666 -0.00550265
2320719623 0.00396122
2668910186 -0.00550265
992372818 -0.00415007
2722132332 -0.0433733
78039833 -0.0148092
3068065464 -0.00299624
391600216 -0.00646096
2822609060 -0.00248836
4214050840 0.00396122
1390021017 -0.00147747
3402335971 -0.00474138
2159361327 -0.00860768
4077923174 -0.0948985
3244275741 -0.00974234
2012617064 -0.107812
600785841 -0.0163242
2247380215 -0.0145549
1080665860 -0.0148092
2369629527 -0.0491671
3010975974 -0.0053055
630890747 -0.0324013
941971035 0.00589323
3028467478 -0.00274556
261504711 -0.0210782
3754452299 -0.16443
1023510474 -0.0318255
2730127352 -0.0952583
511244140 -0.00884294
2603231137 -0.00436315
1685386623 -0.000949461
1643589477 -0.0194476
174105210 -0.00975503
3014984883 -0.00848848
2747169221 -0.000364692
3499659669 0.00396122
1460428146 -0.0214125
2496582483 -0.00320261
1599691429 -0.0062037
4097946403 -0.0134332
1157734194 -0.16443
4013197400 0.00199047
2216935762 -0.00414524
2965166580 -0.0948985
3768420552 -0.0491671
4218145990 -0.0171726
2865221492 -0.000364692
