1050213363 -0.000225944
1214198145 -0.00114657
3473645296 -0.0027111
2919182003 -0.00375818
138957387 -0.00414441
4258915161 -0.00202053
2919392317 -0.00454797
1842653347 -0.00060383
1461071546 -0.00717982
391600216 -0.0141478
816205235 -0.00971731
3040060696 -0.00414316
649420955 -0.00376379
3077625518 -0.0283111
1141674736 -0.00581977
1193443314 -0.00147549
2824890499 -0.152724
3175070855 -0.0608277
4072383076 -0.0631912
1794856285 -0.00375818
4097946403 -0.00755613
4137844462 -0.00372929
2320719623 0.00383672
2026563337 0.00383672
4214050840 0.00383672
4100164576 0.00383672
3484842215 -0.152724
3340113727 -0.00454797
2636560243 -0.0109722
2099288197 -0.00114657
2999644973 -0.0156176
3573108544 0.00220084
4160373385 -0.0138495
242579288 -0.00806199
3010975974 -0.00114657
1208828684 -0.0109722
236369400 -0.0078728
414185897 -0.00625933
3784310625 -0.0915914
2348409359 -0.00717982
814323586 -0.00385391
3284042598 -0.00393379
2478103383 -0.00205636
2641233962 -0.0416347
246159599 0.00609927
3586533348 -0.00454797
609342700 -0.00414316
1379313878 -0.0109722
2272255135 -0.0109722
960766302 -0.00484414
3962483774 -0.00487572
1560336220 -0.01191
2257091313 -0.0200408
3269753752 -0.0200408
2633191638 -0.00806199
1668394961 -0.0970911
2588037217 -0.00114657
888806534 0.00188439
1599691429 -0.0027111
2216935762 -0.0058828
847094226 -0.01191
2739197308 -0.00490546
33450972 -0.00128595
3223614919 -0.00414441
1563778072 -0.00453635
3159882689 -0.0190498
2569680726 -0.00414441
4109730349 -0.00205636
40996090 -0.0183734
1983742981 -0.00205636
350495454 -0.0027917
562900972 -0.0190498
1840549049 -0.0036966
4072636110 -0.0036966
1668202269 -0.0190498
3113006428 -0.0190498
1890888466 -0.00214516
3520458539 0.000140917
3408801716 -0.0027111
3995046234 -0.00163351
3103721368 -0.00372929
3419577079 -0.0146362
1406871589 -0.000225944
2208327497 -0.0156176
3876134116 -0.0138185
2076461858 0.0038725
60608086 -0.0078728
854720261 -0.00414316
1042673590 -0.0416347
2037897888 -0.00371588
1994507682 -0.152724
4218091012 -0.00755613
3402335971 -0.00602285
3889918511 -0.0136149
1502963371 -0.00625933
3196305184 -0.00336713
1610117894 -0.00581977
2597147609 -0.00227453
2398087802 -0.0002234
3285475889 -0.000225944
3416930943 -0.00479759
1855717160 -0.00453635
3976027647 -0.00289238
3507834445 -0.0200408
31130388 0.0038725
2864731008 0.0038725
168721373 -0.0970911
2201423994 -0.014631
2655866658 -0.00372929
1955002940 -0.0109722
3468144064 -0.041357
2934824804 -0.152724
862088666 -0.0917716
3651098565 -0.0027917
340283560 -0.0314311
1106053494 -0.0166366
813781066 -0.00892286
1019609506 -0.0146362
1023510474 -0.0283111
611520789 -0.00175443
3524065126 -0.152724
3828946292 -0.00175443
3928550205 -0.0209109
2051163565 -0.014631
417937679 0.00220084
3295815498 -0.014631
406984589 -0.00717982
3413310241 -0.0183734
484309559 -0.0104624
331219308 -0.152724
362647885 -0.0682513
2012617064 -0.0416347
587092444 -0.00375818
1331964967 -0.152724
3754452299 -0.152724
1957257775 -0.00454797
4167359922 -0.0104624
2140796640 -0.000225944
3661966879 -0.0190498
3759931583 -0.00163351
4085699543 -0.00812371
4112518923 -0.152724
198393422 -0.00755613
2009499608 -0.00806199
1088945299 -0.00971731
1853351806 -0.00402098
2728127955 -0.0138495
2169194919 -0.152724
755151769 -0.00414441
4073368448 0.00284905
594719562 -0.00581977
648299962 -0.014631
4250451206 -0.000686094
3289177414 0.000578967
2999558953 -0.152724
24766274 -0.00892286
4150456259 -0.024247
3768420552 -0.0608277
989097633 -0.122008
2125847845 -0.0075067
694678698 -0.00157217
1654574500 -0.00060383
1879909838 -0.0166366
240321797 -0.0136149
1430112322 -0.152724
1068486945 -0.152724
4210192640 -0.0075067
1214918195 -0.0970911
3501619897 -0.0104624
4181232444 -0.0492686
2353315960 -0.00892286
2131827147 -0.0138495
503523818 -0.152724
2808859044 -0.0917716
3992833684 -0.00726549
4153900588 -0.00402098
4068714951 -0.0492686
3454216039 -0.0183734
3512686521 -0.0058828
2996734433 -0.0209109
1944161631 -0.0073323
1956232018 -0.0209109
2123068591 -0.0075067
3676840785 -0.00720744
4077923174 -0.0852137
3376545127 -0.00175443
3576510868 -0.0416347
2467071049 -0.152724
2253088079 -0.000904209
4157794503 -0.0058828
3153662117 -0.00268698
3808351211 -0.0283111
2992361098 -0.0917716
3828226200 -0.0915914
2965166580 -0.0852137
1080665860 -0.0166366
1227902734 -0.0073323
4013197400 0.0063273
75549082 -0.0141478
2621622536 -0.152724
1139488070 -0.0309599
1886972492 -0.0395971
1614564814 -0.0915914
303606737 -0.00202053
1402554340 -0.0136149
1348676663 -0.00773154
109331286 -0.000176506
1692767744 -0.0915914
2668910186 -0.00371588
677201290 -0.0073323
3756591986 -0.00581977
2843824084 -0.00581977
570932490 -0.00114657
3110804562 -0.00175443
503113475 0.00284905
664194804 -0.0608277
3997492553 -0.00625933
3904323026 -0.0101938
2353789938 -0.00892286
3957647522 -0.0209109
1009526621 -0.00060383
2443955494 -0.00060383
4284594406 -0.0166366
2603231137 -0.00394993
2922694512 -0.00241952
3514939599 -0.00402098
726748024 -0.00372929
2924471996 -0.041357
1342157981 -0.00971731
1552103602 -0.152724
53654230 -0.0058828
309476610 -0.0141478
2626831277 -0.0146362
4205517319 -0.0416347
3650476081 -0.0200408
3077701824 -0.00202053
408795628 -0.00806199
2023937645 -0.0283111
952898568 -0.00287227
1157734194 -0.152724
3201352653 -0.00402098
784611069 -0.00336713
3387954407 -0.00336713
1460362125 -0.0308942
2337062318 -0.00175443
2813716466 -0.00128595
2722766595 -0.0329176
2127797818 -0.00918428
1728049363 -0.00625933
2949164478 -0.0136149
687381725 -0.00681883
3615457753 -0.0027111
409439540 -0.0608277
1638609704 -0.0216069
1830739977 -0.00453635
642521268 -0.00892286
2778546339 -0.00484414
3454942386 -0.152724
3622032981 -0.0157049
2282412694 -0.041357
144944517 -0.0448623
943524439 -0.00375818
3241095964 -0.00717982
2913616310 -0.0141478
1042957220 -0.00163351
867396152 -0.00625933
2159361327 -0.00453635
4093622152 -0.00376379
3307149330 -0.00376379
2511575324 -0.0915914
2730127352 -0.0917716
328194109 -0.00782468
1412340566 -0.0016131
3140841674 0.00188439
2832312000 -0.0917716
1720049421 0.00188439
3040627814 -0.00414441
2809633026 0.00220084
2342242945 -0.00484414
511244140 -0.00717982
2722132332 -0.0419942
78039833 -0.0166366
1696892145 -0.00371588
789587149 -0.0156176
4167620350 -0.00371588
2589233783 -0.041357
967194564 -0.00202053
4049155636 -0.0156176
348965350 -0.0852981
220906968 -0.00453635
1816786186 -0.00971731
941971035 0.0038725
3450350195 -0.00202053
3979502784 -0.000680294
2798145565 -0.00227453
2669474086 -0.00375818
1800304628 -0.013549
3179128925 -8.27556e-05
1083394991 -0.0492686
3422913332 -0.00806199
3824128002 -0.0036966
1747869855 -0.0146362
187665100 -0.00336713
609703868 -0.00883296
2870066588 0.00220084
3155893353 0.00220084
1358373431 -0.0027917
1659218527 -0.0183734
1460428146 -0.0209109
3513799629 -0.0104624
261504711 -0.0183734
2496582483 -0.00454797
3162095595 0.0038725
450879470 0.00284905
3679368291 -0.00310817
777599666 -0.00371588
3412363539 -0.00163351
630890747 -0.0492686
535941527 -0.00755613
2192770400 -0.0917716
1417015101 -0.0017646
722686710 -0.00414316
992372818 -0.0075067
3739798340 -6.32315e-05
3178482882 -0.00372929
3124735508 -0.014631
837496238 -0.0027917
506765730 -0.0073323
600785841 -0.01191
3244275741 -0.0078728
1032703249 -0.00128595
3119150608 -0.0027111
3068065464 -0.000607942
2372549128 -0.00755613
1390021017 -0.00128595
3490111306 -0.0156176
2659434454 -0.00484414
652877872 -0.0078728
1500976953 -0.00163351
4259269111 -0.0036966
1507441971 -0.0023292
2429821563 -0.152724
2203438724 -0.0852137
4258525089 -0.152724
394783903 -0.00227453
2247380215 -0.0104624
4108817096 -0.00205636
1643589477 -0.0146362
3227208719 0.00284905
346332184 -0.00422702
916791228 -0.0283111
3256501030 -0.01191
3540489244 0.00188439
2369629527 -0.0608277
3578303371 -0.0492686
3028467478 -0.00227453
1688910903 -0.0200408
3499659669 0.00383672
