4232514080 -4.91106e-05
3402335971 -0.00284573
3484842215 -0.150872
4137844462 -0.0023157
916791228 -0.0310848
240321797 -0.00744573
414185897 -0.0106096
1167497649 -0.00117585
2208327497 -0.0136322
1461071546 -0.00932838
75549082 -0.0107701
3611081134 -0.000724994
1879909838 -0.0165477
649420955 -0.00523352
4181232444 -0.051637
816205235 -0.016508
4073368448 0.00490158
2843824084 -0.000122091
3454216039 -0.0213089
1088945299 -0.016508
3586533348 -0.00465328
303606737 -0.00486134
2001570321 -0.0070946
1141674736 -0.000122091
3744595344 -0.00165049
4097946403 -0.00533515
2103863861 -0.00117585
2342242945 -0.00366442
4258915161 -0.00486134
2051163565 -0.00998817
2076461858 0.00180832
3103721368 -0.0023157
1080665860 -0.0165477
813781066 -0.0069087
3650476081 -0.0209741
2201423994 -0.00998817
1853351806 -0.00176365
3992833684 -0.0062252
3622032981 -0.0152134
2621622536 -0.150872
3889918511 -0.00744573
103118721 -0.00237125
594719562 -0.000122091
3679368291 -0.00608191
2668910186 -0.00367286
4013197400 0.0110224
1042673590 -0.0137115
1994507682 -0.150872
4066176271 -0.000981802
562900972 -0.0222305
2924471996 -0.0406053
3244275741 -0.00660709
60608086 -0.00660709
236369400 -0.00660709
3340113727 -0.00465328
540093018 -0.00486594
3828226200 -0.0914022
587092444 -0.0034864
1692767744 -0.0914022
1830739977 -0.00288336
3153662117 -0.000815412
3284042598 -0.00754486
2037897888 -0.00367286
1668202269 -0.0222305
4072383076 -0.0696876
648299962 -0.00998817
3585529183 -0.000615173
3256501030 -0.0100532
1019609506 -0.0153526
4077923174 -0.0844288
2192770400 -0.087551
2949164478 -0.00744573
3040060696 -0.00629509
854720261 -0.00629509
1668394961 -0.0985083
960766302 -0.00366442
1342157981 -0.016508
2669474086 -0.0034864
2636560243 -0.0160056
1193443314 -0.000379911
408795628 -0.0103805
3113006428 -0.0222305
3159882689 -0.0222305
2159361327 -0.00288336
2999644973 -0.0136322
1944161631 -0.00665705
3957647522 -0.0196197
2778546339 -0.00366442
3876134116 -0.0151398
4049155636 -0.0136322
3201352653 -0.00176365
814323586 -0.00762184
1957257775 -0.00465328
2999558953 -0.150872
4167359922 -0.0136368
1502963371 -0.0106096
3784310625 -0.0914022
2459566987 -0.0028089
1840549049 -0.00855284
664194804 -0.0673613
406984589 -0.00932838
328194109 -0.00478077
1412340566 -0.00518229
694678698 -0.00328095
2125847845 -0.00509834
4072636110 -0.00855284
1025604564 -0.00117585
4210192640 -0.00509834
1614564814 -0.0914022
1886972492 -0.0425934
1955002940 -0.0160056
484309559 -0.0136368
3269753752 -0.0209741
24766274 -0.0069087
3514939599 -0.00176365
1560336220 -0.0100532
2728127955 -0.0162046
2633191638 -0.0103805
2127797818 -0.00861684
3416930943 -0.0044371
2429821563 -0.150872
503523818 -0.150872
2131827147 -0.0162046
3468144064 -0.0406053
31130388 0.00180832
1083394991 -0.051637
2808859044 -0.087551
1214918195 -0.0985083
242579288 -0.0103805
511244140 -0.00932838
3028467478 -5.45181e-05
168721373 -0.0985083
2864731008 0.00180832
2813716466 -0.00218945
2282412694 -0.0406053
362647885 -0.0778396
331219308 -0.150872
1794856285 -0.0034864
2026563337 0.00394249
340283560 -0.0271207
1214198145 -0.00286516
862088666 -0.087551
2247380215 -0.0136368
1139488070 -0.0431207
3768420552 -0.0673613
2626831277 -0.0153526
2257091313 -0.0209741
2722766595 -0.034114
4205517319 -0.0137115
3068065464 -0.00166676
4284594406 -0.0165477
3241095964 -0.00932838
943524439 -0.0034864
4085699543 -0.00855886
1068486945 -0.150872
1430112322 -0.150872
198393422 -0.00533515
2348409359 -0.00932838
992372818 -0.00509834
340020233 -0.000724994
3507834445 -0.0209741
76750958 -0.00237125
1816786186 -0.016508
4160373385 -0.0162046
2353789938 -0.0069087
3513799629 -0.0136368
3824128002 -0.00855284
1747869855 -0.0153526
3501619897 -0.0136368
989097633 -0.11362
4150456259 -0.0251062
888806534 9.98324e-05
3995046234 -0.000319796
609703868 -0.00959924
3578303371 -0.051637
220906968 -0.00288336
1649915976 -0.00506662
642521268 -0.0069087
3676840785 -0.00227233
1888289184 -0.000615173
4153900588 -0.00176365
4068714951 -0.051637
1890888466 -0.0031893
1956232018 -0.0196197
4218091012 -0.00533515
33450972 -0.00218945
2641233962 -0.0137115
2012617064 -0.0137115
535941527 -0.00533515
40996090 -0.0213089
722686710 -0.00629509
2467071049 -0.150872
3576510868 -0.0137115
4157794503 -0.00431272
3413310241 -0.0213089
309476610 -0.0107701
53654230 -0.00431272
1227902734 -0.00665705
3307149330 -0.00523352
3754452299 -0.150872
3984727704 -0.0028089
2919392317 -0.00465328
1157734194 -0.150872
261504711 -0.0213089
916070708 -0.000981802
570932490 -0.00286516
2099288197 -0.00286516
3340792401 -0.0028089
867396152 -0.0106096
3997492553 -0.0106096
2934824804 -0.150872
1106053494 -0.0165477
2722132332 -0.0392469
78039833 -0.0165477
2123068591 -0.00509834
2992361098 -0.087551
2589233783 -0.0406053
967194564 -0.00486134
1023510474 -0.0310848
3419577079 -0.0153526
2739197308 -0.00764354
609342700 -0.00629509
1379313878 -0.0160056
503113475 0.00490158
726748024 -0.0023157
4119293093 -0.000615173
3077625518 -0.0310848
2372549128 -0.00533515
2798145565 -5.45181e-05
1390021017 -0.00218945
3223614919 -0.00187234
3808351211 -0.0310848
3904323026 -0.00614512
3422913332 -0.0103805
1855717160 -0.00288336
3661966879 -0.0222305
1638609704 -0.0209073
4093622152 -0.00523352
1563778072 -0.00288336
1348676663 -0.00410722
755151769 -0.00187234
450879470 0.00490158
1955984430 -0.000724994
1759058572 -0.00237125
687381725 -0.00731965
3227208719 0.00490158
4112518923 -0.150872
2569680726 -0.00187234
2203438724 -0.0844288
3040627814 -0.00187234
3295815498 -0.00998817
1610117894 -0.000122091
2655866658 -0.0023157
2913616310 -0.0107701
1042957220 -0.000319796
2870066588 0.00282961
1460362125 -0.0310242
2511575324 -0.0914022
2730127352 -0.087551
3573108544 0.00282961
1659218527 -0.0213089
2169194919 -0.150872
2597147609 -5.45181e-05
2822609060 -0.000724994
3010975974 -0.00286516
3140841674 9.98324e-05
2398087802 -0.00217588
2996734433 -0.0196197
3512686521 -0.00431272
3162095595 0.00180832
4100164576 0.00394249
3179128925 -0.000599128
677201290 -0.00665705
3756591986 -0.000122091
1402554340 -0.00744573
2213670597 -0.00117585
4145317105 -0.00237125
1688910903 -0.0209741
246159599 0.00547527
3077701824 -0.00486134
1208828684 -0.0160056
789587149 -0.0136322
4167620350 -0.00367286
144944517 -0.0440787
3175070855 -0.0673613
409439540 -0.0673613
348965350 -0.0764297
2809633026 0.00282961
417937679 0.00282961
3155893353 0.00282961
2009499608 -0.0103805
2832312000 -0.087551
4214050840 0.00394249
2320719623 0.00394249
1552103602 -0.150872
3450350195 -0.00486134
847094226 -0.0100532
3524065126 -0.150872
1696892145 -0.00367286
3490111306 -0.0136322
2824890499 -0.150872
2659434454 -0.00366442
1331964967 -0.150872
3124735508 -0.00998817
3454942386 -0.150872
1500976953 -0.000319796
2496582483 -0.00465328
600785841 -0.0100532
138957387 -0.00187234
3759931583 -0.000319796
1800304628 -0.0127968
630890747 -0.051637
3928550205 -0.0196197
2353315960 -0.0069087
1728049363 -0.0106096
1720049421 9.98324e-05
391600216 -0.0107701
394783903 -5.45181e-05
3210259165 -0.000228953
2369629527 -0.0673613
2037212670 -0.0028089
1460428146 -0.0196197
2272255135 -0.0160056
1643589477 -0.0153526
1032703249 -0.00218945
777599666 -0.00367286
3412363539 -0.000319796
1574244736 -0.000981802
346332184 -0.00179963
941971035 0.00180832
3540489244 9.98324e-05
3178482882 -0.0023157
949498507 -0.00117585
652877872 -0.00660709
3295544965 -0.000981802
2216935762 -0.00431272
4258525089 -0.150872
2919182003 -0.0034864
3499659669 0.00394249
3962483774 -0.00223707
506765730 -0.00665705
3390545656 -0.00237125
2588037217 -0.00286516
1745068966 -0.000615173
2603231137 -0.00496491
2965166580 -0.0844288
4259269111 -0.00855284
2023937645 -0.0310848
