3904323026 -0.00493766
2026563337 0.00351254
816205235 -0.0154829
1088945299 -0.0154829
4137844462 -0.000786978
2722766595 -0.021428
1944161631 -0.00633429
648299962 -0.0130509
587092444 -0.00242752
75549082 -0.0118253
406984589 -0.0117778
2661621726 -0.000890896
847094226 -0.0134802
2257091313 -0.0120562
2051163565 -0.0130509
4093622152 -0.00501907
3159882689 -0.011961
4167359922 -0.0129745
4097946403 -0.0166977
1193443314 -0.00278185
594719562 -0.00396091
2001570321 -0.00596584
1358373431 -0.00190715
2398087802 -0.00467731
1412340566 -0.00361657
1649915976 -0.00415246
3468144064 -0.0390535
3103721368 -0.000786978
3175070855 -0.076533
3744595344 -0.00373993
2923099083 -0.000929497
3068065464 -0.00491377
1214198145 -0.0046586
2619547993 -0.000890896
2099288197 -0.0046586
60608086 -0.00750487
2125847845 -0.000765039
694678698 -0.00688857
2813716466 -0.00236246
916791228 -0.0265423
3220415338 -0.000441116
2201423994 -0.0130509
1227902734 -0.00633429
417937679 0.00193827
2192770400 -0.0800634
3679368291 -0.00601304
3223614919 -0.00475686
1599691429 -0.00372013
331219308 -0.141364
362647885 -0.0717899
503523818 -0.141364
2342242945 -8.12046e-05
992372818 -0.000765039
2459566987 -0.00208112
103118721 -0.00131786
1019609506 -0.0176591
2348409359 -0.0117778
862088666 -0.0800634
3124735508 -0.0130509
888806534 0.000251042
630890747 -0.0690939
726748024 -0.000786978
3140841674 0.000251042
2353789938 -0.0128958
2117133652 -0.00309434
1890888466 -0.00931147
4250451206 -0.00113052
2864731008 0.00288848
168721373 -0.094736
1874121111 -0.00309434
3416930943 -0.00213281
3178482882 -0.000786978
4259269111 -0.0055848
3513799629 -0.0129745
3484842215 -0.141364
3040060696 -0.0037403
144944517 -0.0441337
814323586 -0.00466898
3419577079 -0.0176591
1840549049 -0.0055848
3876134116 -0.013067
2208327497 -0.0102407
1759058572 -0.00131786
4100164576 0.00351254
484309559 -0.0129745
236369400 -0.00750487
4112518923 -0.141364
1208828684 -0.0113003
813781066 -0.0128958
2076461858 0.00288848
3408801716 -0.00372013
3192530948 -0.000185406
1668202269 -0.011961
3591675061 -0.000929497
1555760317 -0.00309434
670252519 -0.000929497
2881234071 -0.00105132
2626831277 -0.0176591
3622032981 -0.0133088
350495454 -0.00190715
3828226200 -0.0543801
570932490 -0.0046586
340283560 -0.0253842
4085699543 -0.0072476
989097633 -0.0942241
4150456259 -0.0238795
2999644973 -0.0102407
1955002940 -0.0113003
3889918511 -0.00928261
1342157981 -0.0154829
4031242331 -0.000890896
2633191638 -0.0116149
3651098565 -0.00190715
3701340724 -0.00309434
2588037217 -0.0046586
242579288 -0.0116149
1390021017 -0.00236246
3676840785 -0.00410084
1214918195 -0.094736
3413310241 -0.0234634
3284042598 -0.00556139
2037897888 -0.0056161
1139488070 -0.0409881
1886972492 -0.0351948
2992361098 -0.0800634
1614564814 -0.0543801
4049155636 -0.0102407
4068714951 -0.0690939
4160373385 -0.0147902
3928550205 -0.0288599
3615457753 -0.00372013
3269753752 -0.0120562
2621622536 -0.141364
1703983532 -0.00105132
3473645296 -0.00372013
3340792401 -0.00208112
4181232444 -0.0690939
952898568 -0.00126437
3307322964 -0.00161966
2999558953 -0.141364
4157794503 -0.00244079
2467071049 -0.141364
3196305184 -0.00186433
2018492569 -0.00271172
4210192640 -0.000765039
2739197308 -0.0116798
2965166580 -0.0818399
3784310625 -0.0543801
1009526621 -0.00244073
348965350 -0.0818333
409439540 -0.076533
755151769 -0.00475686
4073368448 0.0039827
2009499608 -0.0116149
1083394991 -0.0690939
3340113727 -0.00114844
2730127352 -0.0800634
1956232018 -0.0288599
1654574500 -0.00244073
4072383076 -0.0791991
1816786186 -0.0154829
40996090 -0.0234634
1692767744 -0.0543801
4077923174 -0.0818399
2372549128 -0.0166977
33450972 -0.00236246
664194804 -0.076533
784611069 -0.00186433
3077625518 -0.0265423
24766274 -0.0128958
3210259165 -0.00021777
31130388 0.00288848
240321797 -0.00928261
1068486945 -0.141364
2511575324 -0.0543801
3957647522 -0.0288599
2443955494 -0.00244073
2919182003 -0.00242752
3501619897 -0.0129745
3754452299 -0.141364
3307149330 -0.00501907
187665100 -0.00186433
3289177414 -0.00103027
3992833684 -0.0105711
3113006428 -0.011961
2282412694 -0.0390535
3512686521 -0.00244079
2996734433 -0.0288599
3454216039 -0.0234634
854720261 -0.0037403
540093018 -0.00505252
4072636110 -0.0055848
1879909838 -0.0136786
2037212670 -0.00208112
1080665860 -0.0136786
511244140 -0.0117778
2951923365 -0.000890896
3040627814 -0.00475686
1720049421 0.000251042
789587149 -0.0102407
4167620350 -0.0056161
3387954407 -0.00186433
3241095964 -0.0117778
943524439 -0.00242752
3650476081 -0.0120562
4218091012 -0.0166977
2496582483 -0.00114844
1460362125 -0.0295839
1994507682 -0.141364
649420955 -0.00501907
3984727704 -0.00208112
503113475 0.0039827
450879470 0.0039827
4145317105 -0.00131786
2247320038 -0.00102919
2293995760 -0.00105132
2655866658 -0.000786978
2321297459 -0.00105132
408795628 -0.0116149
1461071546 -0.0117778
1157734194 -0.141364
562900972 -0.011961
198393422 -0.0166977
1348676663 -0.0140163
1560336220 -0.0134802
3962483774 -0.00742871
2949164478 -0.00928261
3638299568 -0.00102919
1379313878 -0.0113003
2843824084 -0.00396091
1106053494 -0.0136786
2808859044 -0.0800634
2569680726 -0.00475686
3244275741 -0.00750487
2058133089 -0.000890896
2636560243 -0.0113003
309476610 -0.0118253
53654230 -0.00244079
2589233783 -0.0390535
1747869855 -0.0176591
3824128002 -0.0055848
3573108544 0.00193827
3295815498 -0.0130509
3010975974 -0.0046586
4214050840 0.00351254
2320719623 0.00351254
3586533348 -0.00114844
2247380215 -0.0129745
3162095595 0.00288848
2809633026 0.00193827
1659218527 -0.0234634
78039833 -0.0136786
2722132332 -0.0392694
1688910903 -0.0120562
3868288012 -0.00105132
3507834445 -0.0120562
3014335135 -0.0015162
2870066588 0.00193827
3155893353 0.00193827
1023510474 -0.0265423
2659434454 -8.12046e-05
2778546339 -8.12046e-05
2919392317 -0.00114844
1402554340 -0.00928261
2201433874 -0.000278449
722686710 -0.0037403
1957257775 -0.00114844
2131827147 -0.0147902
3201352653 -0.00113996
4153900588 -0.00113996
1853351806 -0.00113996
1956267094 -0.00102919
2728127955 -0.0147902
2123068591 -0.000765039
609342700 -0.0037403
2913616310 -0.0118253
3514939599 -0.00113996
3422913332 -0.0116149
3808351211 -0.0265423
3661966879 -0.011961
2023937645 -0.0265423
1141674736 -0.00396091
3153662117 -0.00149054
2934824804 -0.141364
3756591986 -0.00396091
677201290 -0.00633429
2669474086 -0.00242752
1638609704 -0.0109445
1552103602 -0.141364
1331964967 -0.141364
3227208719 0.0039827
941971035 0.00288848
721618146 -0.000929497
4284594406 -0.0136786
346332184 -0.00433396
1696892145 -0.0056161
2429821563 -0.141364
1668394961 -0.094736
2169194919 -0.141364
642521268 -0.0128958
2166721244 -0.00309434
138957387 -0.00475686
3390545656 -0.00131786
2832312000 -0.0800634
3768420552 -0.076533
652877872 -0.00750487
722599523 -0.00105524
535941527 -0.0166977
2668910186 -0.0056161
246159599 0.00571724
3490111306 -0.0102407
2824890499 -0.141364
837496238 -0.00190715
261504711 -0.0234634
1460428146 -0.0288599
3119150608 -0.00372013
2603231137 -0.00311677
2651238509 -0.00102919
777599666 -0.0056161
4271463048 -0.00105132
2924471996 -0.0390535
3499659669 0.00351254
1842653347 -0.00244073
2353315960 -0.0128958
3454942386 -0.141364
3256501030 -0.0134802
4258525089 -0.141364
2216935762 -0.00244079
4013197400 0.0062962
2203438724 -0.0818399
3524065126 -0.141364
3540489244 0.000251042
1643589477 -0.0176591
2272255135 -0.0113003
2369629527 -0.076533
391600216 -0.0118253
3578303371 -0.0690939
1032703249 -0.00236246
960766302 -8.12046e-05
1794856285 -0.00242752
1190872912 -0.00102919
1610117894 -0.00396091
506765730 -0.00633429
600785841 -0.0134802
76750958 -0.00131786
1430112322 -0.141364
