2123068591 -0.00550442
2551097216 -0.000508314
2722766595 -0.0320732
1956232018 -0.0258219
4210192640 -0.00550442
3175070855 -0.0372721
4258915161 -0.00276557
2633191638 -0.0112471
3220415338 -0.000321031
2342242945 -0.00663991
3244898512 -0.00489036
3340113727 -0.00266309
33450972 -0.000757349
1816786186 -0.0159217
414185897 -0.0167454
285710277 -7.57467e-05
4284594406 -0.0178712
1759058572 -0.00199299
3035393457 0.00355505
1779604912 0.00355505
1077440221 0.00355505
4021645677 0.00355505
3269753752 -0.0171423
409439540 -0.0372721
2120356631 0.00131651
1299330628 -0.000555137
3103721368 -0.00437218
40996090 -0.0162897
3473645296 -0.00721603
2702431645 -0.000508314
1214198145 -0.00420361
2051163565 -0.0147139
1379313878 -0.0163647
2282412694 -0.0454146
2159361327 -0.00384711
3573108544 8.01003e-05
2700839685 -0.00181584
648299962 -0.0147139
2009499608 -0.0112471
2429821563 -0.165529
340020233 -0.00170941
2169194919 -0.165529
3520458539 0.00223768
2213670597 -0.000973843
3904323026 -0.00287185
2588037217 -0.00420361
2922694512 -0.006864
138957387 -0.00295972
3124735508 -0.0147139
3468144064 -0.0451691
4145317105 -0.00199299
3143350086 -0.000508314
362647885 -0.0810177
331219308 -0.165529
512291396 0.00355505
1314161884 -0.00085466
450879470 0.0032822
594719562 -0.00585787
2949164478 -0.0136272
503523818 -0.167686
777599666 -0.00823879
609703868 -0.00671907
1563778072 -0.00384711
1830739977 -0.00384711
2843824084 -0.00585787
417937679 8.01003e-05
2478103383 -0.00446988
3550386998 -0.00445537
694678698 -0.00213359
2125847845 -0.00550442
4258525089 -0.165529
3586533348 -0.00266309
1068486945 -0.167686
3490111306 -0.0100813
3501619897 -0.0152615
837496238 -0.00387414
3183445406 -0.00121301
2372549128 -0.0124163
1599691429 -0.00721603
3676840785 -0.000260322
3413310241 -0.0162897
1692767744 -0.0781462
2216935762 -0.00350327
3376545127 -0.00273517
917813208 0.00289398
1156616150 -0.000488412
443901721 -0.00280571
2348409359 -0.0129196
2509749026 -0.00280571
3867689518 -0.00280571
1331601258 -0.00280571
2442771343 -0.00280571
503113475 0.0032822
3162095595 -0.00588689
4100164576 0.00359644
31130388 -0.0106181
3484842215 -0.165529
2655866658 -0.00437218
2246120279 -7.57467e-05
4218145990 -0.0501025
1668202269 -0.0120619
3113006428 -0.0120619
562900972 -0.0120619
236369400 -0.00842786
3576510868 -0.105354
1042673590 -0.105354
303606737 -0.00276557
1696892145 -0.00823879
3611081134 -0.00170941
1610117894 -0.00585787
469987975 -0.00280571
3196305184 -0.0035022
484309559 -0.0152615
3014984883 -0.00646021
109331286 -0.00165286
949498507 -0.000973843
1944161631 -0.0106001
1208828684 -0.01291
2353789938 -0.0124327
328194109 -0.00586417
916791228 -0.0336282
3295815498 -0.0147139
2924471996 -0.0451691
1955984430 -0.00170941
816205235 -0.0159217
2641233962 -0.105354
3340792401 -0.00458844
867396152 -0.0167454
3808351211 -0.0336282
367814234 -0.00626626
75549082 -0.0176551
408795628 -0.0112471
1570304703 -0.00280571
1139488070 -0.0457691
1886972492 -0.0454203
3512686521 -0.00350327
814323586 -0.00635919
2778546339 -0.00492808
103118721 -0.00199299
2201423994 -0.0147139
340283560 -0.0298067
2996734433 -0.0258219
3454216039 -0.0162897
3155893353 8.01003e-05
2864731008 -0.0106181
1025604564 -0.000973843
1879909838 -0.0178712
3347912765 -0.0014129
4049155636 -0.0100813
3513799629 -0.0152615
242579288 -0.0112471
3957647522 -0.022708
1227902734 -0.0106001
3976027647 -0.00854391
3507834445 -0.0171423
3077701824 -0.00276557
2131827147 -0.0228301
403868960 -0.00121301
2992361098 -0.0921461
240321797 -0.0136272
309476610 -0.0176551
53654230 -0.00350327
1304272554 -0.0501025
888806534 0.000623029
1342157981 -0.0149563
642521268 -0.0124327
3754452299 -0.165529
978553852 -7.57467e-05
4112518923 -0.165529
1643589477 -0.0264486
3028467478 -0.00602473
2257091313 -0.0171423
2503218473 -0.00085466
2597147609 -0.00602473
3419577079 -0.0264486
976840116 -7.57467e-05
2808859044 -0.090755
174105210 -0.00752389
1162815543 -0.00121301
4093622152 -0.0063605
3828946292 -0.00273517
2669474086 -0.00952811
1214918195 -0.114869
1659218527 -0.0162897
1019609506 -0.0264486
600785841 -0.0109585
3408801716 -0.00721603
3390545656 -0.00199299
2076461858 -0.0106181
1106053494 -0.0178712
1088945299 -0.0149563
2012617064 -0.105354
394783903 -0.00602473
2722132332 -0.0300299
78039833 -0.0178712
198393422 -0.0124163
3454942386 -0.165529
4137844462 -0.00437218
862088666 -0.0921461
4181232444 -0.0263721
784611069 -0.0035022
24766274 -0.0124327
1430112322 -0.167686
2353315960 -0.0124327
4072383076 -0.0388934
4077923174 -0.0990977
2208327497 -0.0100813
3784310625 -0.0781462
4157794503 -0.00350327
2467071049 -0.165529
2192770400 -0.0921461
1688910903 -0.0171423
350495454 -0.00312221
2999558953 -0.167686
677201290 -0.0106001
3756591986 -0.00585787
1460428146 -0.0258219
511244140 -0.0129196
2653459041 -0.00476492
261504711 -0.0162897
3357176065 -0.0027964
3241095964 -0.0129196
943524439 -0.00952811
2037897888 -0.00823879
4109730349 -0.00446988
1823791746 -0.00085466
406984589 -0.0129196
3622032981 -0.0198711
3450350195 -0.00276557
649420955 -0.0063605
1994507682 -0.167686
4073368448 0.0032822
755151769 -0.00295972
1670242698 -0.00280571
3847416722 -0.00121301
1800304628 -0.0107303
3159882689 -0.0120619
2626831277 -0.0264486
1886085176 -0.0014129
2127797818 -0.00320854
3387954407 -0.00276988
570932490 -0.00420361
4247901618 -0.00280571
2099288197 -0.00420361
369049149 -7.57467e-05
3110804562 -0.00273517
2103863861 -0.000973843
1023510474 -0.0336282
354419800 -0.00181584
2999644973 -0.0100813
1955002940 -0.0163647
3876134116 -0.00850199
4167620350 -0.00823879
789587149 -0.0100813
4205517319 -0.105354
587092444 -0.00952811
2750319301 -0.000710794
948043381 -0.00568214
3276042364 -0.00085466
989097633 -0.154026
3768420552 -0.0372721
1317514601 -0.0014129
3002809686 -0.00149547
3307149330 -0.0063605
2528188504 -0.00156516
1614564814 -0.0781462
3651098565 -0.00312221
3650476081 -0.0171423
3992833684 -0.0154708
3178482882 -0.00437218
1358373431 -0.00387414
3889918511 -0.0136272
2636560243 -0.01291
813781066 -0.0124327
3256501030 -0.0109585
4085699543 -0.00164702
2272255135 -0.0163647
3402335971 -0.00391894
3524065126 -0.165529
2934824804 -0.167686
3540489244 0.000623029
1460362125 -0.0258391
4077107740 -0.00280571
2084248659 -0.0501025
2569680726 -0.00295972
3661966879 -0.0120619
4120391257 -0.00436617
4072636110 -0.00832431
1840549049 -0.00832431
1461071546 -0.0129196
2589233783 -0.0454146
967194564 -0.00276557
1560336220 -0.0109585
4160373385 -0.019199
746426500 -0.00420406
1855717160 -0.00384711
60313977 -0.00734023
1390021017 -0.000757349
2870066588 8.01003e-05
60608086 -0.00842786
3824128002 -0.00832431
1747869855 -0.0264486
3962483774 -0.00341735
2739197308 -0.00353512
3984727704 -0.00397419
1348676663 -0.00254705
3043722395 -0.00085466
1502963371 -0.0167454
2511575324 -0.0781462
4218091012 -0.0124163
2813716466 -0.000757349
687381725 -0.0048534
4097946403 -0.0124163
3010975974 -0.00420361
2730127352 -0.0921461
3040627814 -0.00295972
992372818 -0.00550442
2728127955 -0.0228301
3615457753 -0.00721603
144944517 -0.0503867
1638609704 -0.0311409
2118542586 -0.00280571
664194804 -0.0372721
4150456259 -0.0264716
1141674736 -0.00585787
4247114357 0.000876211
2798145565 -0.00602473
2247380215 -0.0147683
187665100 -0.00276988
2832312000 -0.0921461
2919392317 -0.00266309
2026563337 0.00359644
2809633026 8.01003e-05
4167359922 -0.0147683
1331964967 -0.165529
4068714951 -0.0263721
2668910186 -0.00823879
1083394991 -0.0263721
3422913332 -0.0112471
1402554340 -0.0136272
4214050840 0.00359644
2320719623 0.00359644
2337062318 -0.00273517
1983742981 -0.00446988
2621622536 -0.165529
3150064701 -0.00121301
3077625518 -0.0336282
2913616310 -0.0176551
2459566987 -0.00397419
2496582483 -0.00266309
168721373 -0.114869
1728049363 -0.0167454
652877872 -0.00842786
220906968 -0.00384711
2203438724 -0.0990977
847094226 -0.0109585
76750958 -0.00199299
3244275741 -0.00842786
2037212670 -0.00458844
2659434454 -0.00663991
1957257775 -0.00266309
1794856285 -0.00952811
726748024 -0.00437218
788013522 -0.0014129
4166495700 -0.0027964
3119150608 -0.00721603
2919182003 -0.00952811
391600216 -0.0176551
535941527 -0.0124163
4108817096 -0.00446988
348965350 -0.0978098
1167497649 -0.000973843
1032703249 -0.000757349
3828226200 -0.0781462
2822609060 -0.00170941
941971035 -0.00588689
2824890499 -0.167686
1157734194 -0.167686
3223614919 -0.00295972
148706869 -0.00280571
506765730 -0.0106001
1552103602 -0.167686
3928550205 -0.022708
3997492553 -0.0167454
3140841674 0.000623029
4252437569 -0.000569422
3227208719 0.0032822
1668394961 -0.114869
2023937645 -0.0336282
3578303371 -0.0263721
603145376 -0.0501025
3210259165 -0.000601442
4258127227 -0.0501025
1720049421 0.000623029
3499659669 0.00359644
3679368291 -0.000333386
2097525790 -0.00198282
4259269111 -0.00832431
2603231137 -0.00498261
630890747 -0.0263721
4112662811 -0.00280571
2267038766 -0.00280571
611520789 -0.00273517
3998083561 -0.000508314
1080665860 -0.0178712
2369629527 -0.0372721
2452040425 -0.00367113
4013197400 0.00653406
2965166580 -0.0990977
960766302 -0.00492808
