2208327497 -0.00985289
3113006428 -0.0147691
2669474086 -0.00273854
1342157981 -0.00754658
2201423994 -0.0195581
3473645296 -0.0152571
3340113727 -0.00329485
854720261 -0.00337475
1019609506 -0.0170191
4258915161 -0.00240718
2569680726 -0.00456524
2353315960 -0.0108303
2051163565 -0.0195581
3484842215 -0.165037
2919182003 -0.00273854
3520458539 0.00235747
2843824084 -0.00193155
403868960 -0.000343418
2026563337 0.00382795
4100164576 0.00382795
2750319301 -0.00230524
948043381 -0.00550368
3159882689 -0.0147691
1956232018 -0.0221959
40996090 -0.0218349
648299962 -0.0195581
406984589 -0.00625731
503523818 -0.165037
408795628 -0.0175628
3586533348 -0.00329485
2429821563 -0.165037
3387954407 -4.09584e-05
4068714951 -0.0338759
3904323026 -0.00462948
3175070855 -0.0453304
1816786186 -0.00754658
60608086 -0.00225159
2621622536 -0.165037
3284042598 -0.00424419
1358373431 -0.00171353
2320719623 0.00382795
3512686521 -4.40323e-05
2633191638 -0.0175628
2131827147 -0.0183337
4049155636 -0.00985289
2353789938 -0.0108303
2272255135 -0.0040911
1379313878 -0.0040911
1208828684 -0.0040911
1955002940 -0.0040911
3028467478 -0.00438355
2636560243 -0.0040911
609703868 -0.00381411
2125847845 -0.00249913
2037897888 -0.00890972
2919392317 -0.00329485
76750958 -0.00234117
1759058572 -0.00234117
3390545656 -0.00234117
503113475 0.00416313
1614564814 -0.0749886
2372549128 -0.0122797
1088945299 -0.00754658
3876134116 -0.00955068
3490111306 -0.00985289
4258127227 -0.0326305
3847416722 -0.000343418
1800304628 -0.00833098
816205235 -0.00754658
1890888466 -0.00271859
2999558953 -0.165037
594719562 -0.00193155
60313977 -0.0108667
1994507682 -0.165037
303606737 -0.00240718
3501619897 -0.0118688
348965350 -0.0866079
3183445406 -0.000343418
2992361098 -0.0941555
3413310241 -0.0218349
3223614919 -0.00456524
687381725 -0.00639071
103118721 -0.00234117
1227902734 -0.00737788
619514656 -0.000574843
328194109 -0.00689598
3119150608 -0.0152571
722599523 -0.000216665
784611069 -4.09584e-05
4145317105 -0.00234117
2832312000 -0.0941555
3784310625 -0.0749886
2459566987 -0.00221905
1840549049 -0.00991895
3928550205 -0.0221959
1042673590 -0.105405
414185897 -0.0144205
1299330628 -0.00239951
3269753752 -0.0232755
484309559 -0.0118688
4109730349 -0.00299455
2655866658 -0.00382392
2076461858 0.00539242
3068065464 -0.00481359
1599691429 -0.0152571
4218091012 -0.0122797
989097633 -0.15181
3408801716 -0.0152571
3984727704 -0.00221905
1214198145 -0.00543857
862088666 -0.0941555
2641233962 -0.105405
2626831277 -0.0170191
1728049363 -0.0144205
168721373 -0.109747
2864731008 0.00539242
2824890499 -0.165037
4153900588 -0.00698942
2105107960 -0.000574843
1668202269 -0.0147691
1443918813 -0.00223878
3077701824 -0.00240718
2924471996 -0.0466926
562900972 -0.0147691
417937679 0.00253135
3573108544 0.00253135
3622032981 -0.0184564
109331286 -0.000740231
1139488070 -0.0489671
1886972492 -0.0519958
3103721368 -0.00382392
611520789 -0.00290773
3524065126 -0.165037
4112518923 -0.165037
1668394961 -0.109747
2808859044 -0.0941555
4097946403 -0.0122797
1214918195 -0.109747
587092444 -0.00273854
3976027647 -0.00177352
3507834445 -0.0232755
2597147609 -0.00438355
3419577079 -0.0170191
3110804562 -0.00290773
144944517 -0.0454758
1502963371 -0.0144205
3992833684 -0.0134375
340020233 -7.96961e-05
3289177414 0.000931088
75549082 -0.0122341
367814234 -0.00629755
362647885 -0.075445
331219308 -0.165037
2247380215 -0.0118688
888806534 1.4572e-05
3376545127 -0.00290773
1080665860 -0.0171636
1430112322 -0.165037
1068486945 -0.165037
4072383076 -0.0470952
2965166580 -0.0968299
2099288197 -0.00543857
3196305184 -4.09584e-05
1855717160 -0.00665255
3676840785 -0.00765127
4072636110 -0.00991895
1957257775 -0.00329485
4150456259 -0.023614
2588037217 -0.00543857
3828946292 -0.00290773
847094226 -0.0138815
3077625518 -0.0347459
2901212020 -0.00223878
4181232444 -0.0338759
236369400 -0.00225159
2934824804 -0.165037
1083394991 -0.0338759
4167359922 -0.0118688
2511575324 -0.0749886
1330849822 -0.00223878
1141674736 -0.00193155
1304272554 -0.0326305
53654230 -4.40323e-05
539499369 -0.00223878
1162815543 -0.000343418
3957647522 -0.0221959
967194564 -0.00240718
2589233783 -0.0466926
726748024 -0.00382392
2922694512 -0.00282079
4205517319 -0.105405
2722766595 -0.0350489
3295815498 -0.0195581
4160373385 -0.0183337
4284594406 -0.0171636
3040060696 -0.00337475
3650476081 -0.0232755
540093018 -0.000684284
240321797 -0.0103404
261504711 -0.0218349
2023937645 -0.0347459
3661966879 -0.0147691
242579288 -0.0175628
2913616310 -0.0122341
4210192640 -0.00249913
1879909838 -0.0171636
3889918511 -0.0103404
3010975974 -0.00543857
570932490 -0.00543857
1983742981 -0.00299455
2348409359 -0.00625731
2192770400 -0.0941555
943524439 -0.00273854
3241095964 -0.00625731
1638609704 -0.0245583
3711008206 -0.000574843
1461071546 -0.00625731
2159361327 -0.00665255
814323586 -0.00347757
1106053494 -0.0171636
789587149 -0.00985289
4167620350 -0.00890972
2478103383 -0.00299455
3454216039 -0.0218349
2996734433 -0.0221959
4214050840 0.00382795
3997492553 -0.0144205
1955984430 -7.96961e-05
2084248659 -0.0326305
31130388 0.00539242
24766274 -0.0108303
813781066 -0.0108303
3962483774 -0.00215131
1560336220 -0.0138815
1023510474 -0.0347459
2127797818 -0.00467615
2009499608 -0.0175628
2728127955 -0.0183337
3615457753 -0.0152571
409439540 -0.0453304
3150064701 -0.000343418
3140841674 1.4572e-05
1720049421 1.4572e-05
1944161631 -0.00737788
3824128002 -0.00991895
1747869855 -0.0170191
3340792401 -0.00221905
867396152 -0.0144205
450879470 0.00416313
4073368448 0.00416313
755151769 -0.00456524
3040627814 -0.00456524
1610117894 -0.00193155
3611081134 -7.96961e-05
1696892145 -0.00890972
2467071049 -0.165037
3576510868 -0.105405
4157794503 -4.40323e-05
3201352653 -0.00698942
1853351806 -0.00698942
3514939599 -0.00698942
609342700 -0.00337475
2282412694 -0.0466926
3068673577 -1.91814e-05
3014984883 -0.00344168
2999644973 -0.00985289
603145376 -0.0326305
677201290 -0.00737788
3756591986 -0.00193155
960766302 -0.00116954
2342242945 -0.00116954
2659434454 -0.00116954
2778546339 -0.00116954
4085699543 -0.00320049
2169194919 -0.165037
722686710 -0.00337475
3679368291 -0.00292996
4093622152 -0.0033056
649420955 -0.0033056
3002809686 -0.00219753
3307149330 -0.0033056
3256501030 -0.0138815
309476610 -0.0122341
4252437569 -0.000385643
2337062318 -0.00290773
2203438724 -0.0968299
1563778072 -0.00665255
3499659669 0.00382795
3422913332 -0.0175628
1348676663 -0.00582213
2809633026 0.00253135
2870066588 0.00253135
2123068591 -0.00249913
350495454 -0.00171353
2739197308 -0.00308285
3468144064 -0.0466926
2822609060 -7.96961e-05
394783903 -0.00438355
1402554340 -0.0103404
3651098565 -0.00171353
1692767744 -0.0749886
4137844462 -0.00382392
2949164478 -0.0103404
1417015101 -0.00450764
2668910186 -0.00890972
2012617064 -0.105405
3274511591 -0.000574843
1460362125 -0.0321039
3162095595 0.00539242
1552103602 -0.165037
3155893353 0.00253135
340283560 -0.0290927
664194804 -0.0453304
3244275741 -0.00225159
777599666 -0.00890972
3828226200 -0.0749886
1794856285 -0.00273854
2730127352 -0.0941555
3178482882 -0.00382392
2798145565 -0.00438355
2216935762 -4.40323e-05
4013197400 0.00810486
3450350195 -0.00240718
198393422 -0.0122797
3754452299 -0.165037
187665100 -4.09584e-05
2257091313 -0.0232755
941971035 0.00539242
4077923174 -0.0968299
652877872 -0.00225159
174105210 -0.00442823
1157734194 -0.165037
746426500 -0.00441981
246159599 0.00657046
630890747 -0.0338759
3768420552 -0.0453304
4108817096 -0.00299455
4258525089 -0.165037
511244140 -0.00625731
3540489244 1.4572e-05
1830739977 -0.00665255
1460428146 -0.0221959
992372818 -0.00249913
2722132332 -0.044796
78039833 -0.0171636
3124735508 -0.0195581
3454942386 -0.165037
837496238 -0.00171353
3227208719 0.00416313
1331964967 -0.165037
138957387 -0.00456524
220906968 -0.00665255
3285021726 -0.00123156
4218145990 -0.0326305
1659218527 -0.0218349
4259269111 -0.00991895
506765730 -0.00737788
600785841 -0.0138815
1643589477 -0.0170191
3578303371 -0.0338759
2603231137 -0.00133362
642521268 -0.0108303
1688910903 -0.0232755
391600216 -0.0122341
2037212670 -0.00221905
3808351211 -0.0347459
535941527 -0.0122797
3513799629 -0.0118688
916791228 -0.0347459
2496582483 -0.00329485
2369629527 -0.0453304
