1068486945 -0.160389
3269753752 -0.0279262
417937679 0.00198041
3040060696 -0.00569573
3408801716 -0.00503311
4013197400 0.00786405
600785841 -0.0128709
1214198145 -0.00567552
562900972 -0.019956
2919392317 -0.00237962
4049155636 -0.00744975
2320719623 0.00393662
3419577079 -0.0197973
350495454 -0.00484817
2919182003 -0.00670109
2208327497 -0.00744975
2496582483 -0.00237962
2076461858 0.00541931
4160373385 -0.0179657
261504711 -0.0240549
3340113727 -0.00237962
2641233962 -0.0880013
3622032981 -0.0170935
4112518923 -0.160389
4100164576 0.00393662
3454942386 -0.160389
3611081134 -0.00156549
2342242945 -0.00393109
609342700 -0.00569573
1555760317 -0.000428054
587092444 -0.00670109
4137844462 -0.00440366
2669474086 -0.00670109
2117133652 -0.000428054
3002809686 -0.00478384
2633191638 -0.0114298
4072383076 -0.0552661
1552103602 -0.160389
4252437569 -0.00254305
3014335135 -0.00105636
3701340724 -0.000428054
3784310625 -0.0839002
1348676663 -0.00459546
3413310241 -0.0240549
2125847845 -0.00561314
694678698 -0.00347285
1654574500 -0.000434652
2813716466 -0.00193155
2636560243 -0.00847317
1955002940 -0.00847317
2597147609 -0.00213936
1088945299 -0.0178392
1853351806 -0.00644436
594719562 -0.0044768
348965350 -0.0848898
2372549128 -0.0153416
2353789938 -0.016293
3904323026 -0.00479592
1840549049 -0.00602573
2099288197 -0.00567552
331219308 -0.160389
362647885 -0.0761084
3876134116 -0.0126151
450879470 0.0020218
1167497649 -0.000741042
649420955 -0.00405513
916791228 -0.0321243
1358373431 -0.00484817
4145317105 -0.00136772
103118721 -0.00136772
1759058572 -0.00136772
1461071546 -0.0116992
4284594406 -0.015082
3390545656 -0.00136772
198393422 -0.0153416
3103721368 -0.00440366
346332184 -0.00113289
2778546339 -0.00393109
4072636110 -0.00602573
3490111306 -0.00744975
3178482882 -0.00440366
3586533348 -0.00237962
4205517319 -0.0880013
1816786186 -0.0178392
3284042598 -0.00551642
609703868 -0.010038
2429821563 -0.160389
3014984883 -0.00787985
2949164478 -0.0110062
33450972 -0.00193155
1139488070 -0.0465471
1886972492 -0.0461573
652877872 -0.0091784
2924471996 -0.0363566
1644060018 -0.00213202
484309559 -0.0144302
837496238 -0.00484817
2348409359 -0.0116992
1227902734 -0.00731371
1023510474 -0.0321243
4167359922 -0.0144302
813781066 -0.016293
4218091012 -0.0153416
4258525089 -0.160389
1019609506 -0.0197973
1560336220 -0.0128709
1214918195 -0.103008
3573108544 0.00198041
2655866658 -0.00440366
3473645296 -0.00503311
414185897 -0.00529741
53654230 -0.00439699
2203438724 -0.0899899
408795628 -0.0114298
2832312000 -0.0959344
2459566987 -0.00285271
3605202573 -0.00189035
2368328509 -0.00218335
3512686521 -0.00439699
2843824084 -0.0044768
570932490 -0.00567552
1379313878 -0.00847317
2257091313 -0.0279262
2588037217 -0.00567552
648299962 -0.0144747
1649915976 -0.000455418
948043381 -0.00974119
2750319301 -0.0010274
3223614919 -0.00125458
1879909838 -0.015082
3295815498 -0.0144747
328194109 -0.00997615
1025604564 -0.000741042
4181232444 -0.0411658
4210192640 -0.00561314
3159882689 -0.019956
506765730 -0.00731371
3468144064 -0.0363566
1668202269 -0.019956
722686710 -0.00569573
3992833684 -0.012909
1614564814 -0.0839002
3889918511 -0.0110062
2051163565 -0.0144747
2864731008 0.00541931
1342157981 -0.0178392
2026563337 0.00393662
992372818 -0.00561314
406984589 -0.0116992
3997492553 -0.00529741
664194804 -0.053053
4093622152 -0.00405513
2728127955 -0.0179657
3514939599 -0.00644436
2730127352 -0.0959344
2511575324 -0.0839002
1080665860 -0.015082
511244140 -0.0116992
40996090 -0.0240549
1042673590 -0.0880013
60608086 -0.0091784
989097633 -0.135764
4150456259 -0.0243866
1297152772 -0.00218335
340020233 -0.00156549
240321797 -0.0110062
4214050840 0.00393662
2353315960 -0.016293
2578480025 -0.00218335
2023937645 -0.0321243
2012617064 -0.0880013
3676840785 -0.00716812
1502963371 -0.00529741
1052807756 -0.000631204
4097946403 -0.0153416
2201423994 -0.0144747
3661966879 -0.019956
1624232979 -0.00189035
3828226200 -0.0839002
1999760145 -0.00213202
2999558953 -0.160389
862088666 -0.0959344
3256501030 -0.0128709
2127797818 -0.0102394
4077923174 -0.0899899
3484842215 -0.160389
2992361098 -0.0959344
3113006428 -0.019956
4153900588 -0.00644436
4068714951 -0.0411658
3957647522 -0.0234187
3986943453 -0.000631204
309476610 -0.0146938
1638609704 -0.0173821
3327645142 -0.00189035
1692767744 -0.0839002
2626831277 -0.0197973
3285021726 -0.00343207
3513799629 -0.0144302
2722766595 -0.0344307
236369400 -0.0091784
3651098565 -0.00484817
784611069 -0.00426362
814323586 -0.00662384
1747869855 -0.0197973
3824128002 -0.00602573
1009526621 -0.000434652
1944161631 -0.00731371
2443955494 -0.000434652
3501619897 -0.0144302
75549082 -0.0146938
1890888466 -0.00295684
3201352653 -0.00644436
144944517 -0.0488094
3507834445 -0.0279262
24766274 -0.016293
3077625518 -0.0321243
1106053494 -0.015082
3175070855 -0.053053
3615457753 -0.00503311
409439540 -0.053053
2809633026 0.00198041
2922694512 -0.000505141
941971035 0.00541931
2865221492 -0.00218335
242579288 -0.0114298
394783903 -0.00213936
3155893353 0.00198041
3387954407 -0.00426362
503523818 -0.160389
1563778072 -0.00155445
1957257775 -0.00237962
1956232018 -0.0234187
867396152 -0.00529741
3340792401 -0.00285271
1955984430 -0.00156549
2037897888 -0.00735123
1412340566 -0.00161046
3454216039 -0.0240549
2996734433 -0.0234187
2192770400 -0.0959344
854720261 -0.00569573
3010975974 -0.00567552
789587149 -0.00744975
4167620350 -0.00735123
1994507682 -0.160389
4157794503 -0.00439699
3576510868 -0.0880013
2253088079 -0.0014924
2467071049 -0.160389
2999644973 -0.00744975
535941527 -0.0153416
3754452299 -0.160389
2528188504 -0.00423898
3307149330 -0.00405513
3196305184 -0.00426362
1083394991 -0.0411658
3402335971 -0.00102139
3241095964 -0.0116992
943524439 -0.00670109
540093018 -0.000933647
2569680726 -0.00125458
677201290 -0.00731371
3756591986 -0.0044768
3984727704 -0.00285271
3119150608 -0.00503311
1402554340 -0.0110062
1208828684 -0.00847317
2282412694 -0.0363566
1855717160 -0.00155445
630890747 -0.0411658
1141674736 -0.0044768
3068673577 -0.00280791
1196281327 -0.00213202
2870066588 0.00198041
2247380215 -0.0144302
3768420552 -0.053053
2037212670 -0.00285271
687381725 -0.00460288
4085699543 -0.00390252
2659434454 -0.00393109
2123068591 -0.00561314
2009499608 -0.0114298
726748024 -0.00440366
3808351211 -0.0321243
3153662117 -0.00128853
2159361327 -0.00155445
4073368448 0.0020218
1668394961 -0.103008
1460362125 -0.0343154
2169194919 -0.160389
2398087802 -0.00298822
2621622536 -0.160389
3040627814 -0.00125458
2934824804 -0.160389
187665100 -0.00426362
2913616310 -0.0146938
3227208719 0.0020218
1830739977 -0.00155445
1688910903 -0.0279262
3650476081 -0.0279262
503113475 0.0020218
1659218527 -0.0240549
2739197308 -0.00331622
138957387 -0.00125458
755151769 -0.00125458
78039833 -0.015082
2722132332 -0.0409666
2824890499 -0.160389
816205235 -0.0178392
220906968 -0.00155445
1874121111 -0.000428054
3499659669 0.00393662
3422913332 -0.0114298
2808859044 -0.0959344
4259269111 -0.00602573
1800304628 -0.0116967
2103863861 -0.000741042
2131827147 -0.0179657
340283560 -0.0286876
1417015101 -0.00313436
1794856285 -0.00670109
847094226 -0.0128709
1331964967 -0.160389
2822609060 -0.00156549
246159599 0.00651408
1599691429 -0.00503311
1430112322 -0.160389
949498507 -0.000741042
3578303371 -0.0411658
642521268 -0.016293
1390021017 -0.00193155
3524065126 -0.160389
777599666 -0.00735123
2668910186 -0.00735123
1842653347 -0.000434652
2965166580 -0.0899899
2798145565 -0.00213936
1728049363 -0.00529741
2369629527 -0.053053
1032703249 -0.00193155
1005270367 -0.000631204
2272255135 -0.00847317
1696892145 -0.00735123
3928550205 -0.0234187
960766302 -0.00393109
1507441971 -0.000107001
2183104177 -0.00189035
3962483774 -0.00758139
3679368291 -0.00300634
3124735508 -0.0144747
3976027647 -0.00194155
2747169221 -0.00218335
3028467478 -0.00213936
2603231137 -0.0036215
31130388 0.00541931
3397201191 -0.00213202
2589233783 -0.0363566
3162095595 0.00541931
76750958 -0.00136772
168721373 -0.103008
2213670597 -0.000741042
1460428146 -0.0234187
1157734194 -0.160389
1643589477 -0.0197973
2166721244 -0.000428054
391600216 -0.0146938
2216935762 -0.00439699
3244275741 -0.0091784
2899628589 -0.00213202
1685386623 -0.00189035
1610117894 -0.0044768
3681638025 -0.000631204
3068065464 -0.00117272
