3473645296 -0.00491525
3210259165 -0.00215619
3484842215 -0.15487
1461071546 -0.0111149
391600216 -0.013752
3269753752 -0.0240809
2001570321 -0.004195
3159882689 -0.0198254
3468144064 -0.0374618
3615457753 -0.00491525
1358373431 -0.00293626
409439540 -0.0758699
414185897 -0.00876612
2208327497 -0.0138765
3040060696 -0.00856624
3416930943 -0.00344501
3501619897 -0.0114182
1643589477 -0.0181987
109331286 -0.00201008
2589233783 -0.0374618
989097633 -0.114148
4137844462 -0.0032438
240321797 -0.00805424
3419577079 -0.0181987
1886972492 -0.0483837
2674310893 -0.00012746
2342242945 -0.00867196
1830739977 -0.00231699
2636560243 -0.0181981
1214198145 -0.00528947
1390021017 -0.000909088
1890888466 -0.00598921
3992833684 -0.014504
2051163565 -0.0116642
2496582483 -0.00544764
2429821563 -0.15487
2203438724 -0.0859399
3744595344 -0.00196633
4210192640 -0.00209225
3153662117 -0.00220655
2459566987 -0.00190068
4100164576 0.00249912
648299962 -0.0116642
3295815498 -0.0116642
2037212670 -0.00190068
1879909838 -0.0123238
664194804 -0.0758699
630890747 -0.0610391
1019609506 -0.0181987
600785841 -0.0199078
854720261 -0.00856624
4145317105 -0.00184219
1668202269 -0.0198254
1068486945 -0.15487
2353789938 -0.0147981
3413310241 -0.0249604
3622032981 -0.0182812
4150456259 -0.030583
3192530948 -0.00167383
1599691429 -0.00491525
2739982436 -0.000885978
3524065126 -0.15487
2131827147 -0.019714
789587149 -0.0138765
4167620350 -0.00731823
2037897888 -0.00731823
916791228 -0.0379614
2201423994 -0.0116642
2739197308 -0.0102723
2478103383 -0.00168774
1944161631 -0.0103142
1502963371 -0.00876612
1696892145 -0.00731823
2247380215 -0.0114182
562900972 -0.0198254
198393422 -0.0129678
649420955 -0.00748371
1994507682 -0.15487
3586533348 -0.00544764
3408801716 -0.00491525
3997492553 -0.00876612
2018492569 -0.00210691
3196305184 -0.00322126
2320719623 0.00249912
3573108544 0.00192954
1983742981 -0.00168774
2348409359 -0.0111149
694678698 -0.00627876
3889918511 -0.00805424
2626831277 -0.0181987
2949164478 -0.00805424
3904323026 -0.0119887
2099288197 -0.00528947
867396152 -0.00876612
3340792401 -0.00190068
1141674736 -0.0010405
4085699543 -0.00826592
847094226 -0.0199078
4112518923 -0.15487
53654230 -0.0042633
309476610 -0.013752
2369629527 -0.0758699
103118721 -0.00184219
1614564814 -0.0941021
3227208719 0.00198124
1214918195 -0.102368
3113006428 -0.0198254
2924471996 -0.0374618
1080665860 -0.0123238
1957257775 -0.00544764
3984727704 -0.00190068
503113475 0.00198124
3513799629 -0.0114182
242579288 -0.0181745
3928550205 -0.0193747
3040627814 -0.00306881
1139488070 -0.0459168
814323586 -0.0107776
1560336220 -0.0199078
1853351806 -0.00788367
328194109 -0.00680396
3512686521 -0.0042633
408795628 -0.0181745
3014335135 -0.00299128
449671246 -0.00012746
348965350 -0.0928746
1610117894 -0.0010405
4160373385 -0.019714
346332184 -0.00853144
1816786186 -0.0184296
3768420552 -0.0758699
2919392317 -0.00544764
3244275741 -0.00878794
2809633026 0.00192954
816205235 -0.0184296
2076461858 0.00264487
2999558953 -0.15487
3162095595 0.00264487
24766274 -0.0147981
3784310625 -0.0941021
2282412694 -0.0374618
1649915976 -0.00242526
2026563337 0.00249912
168721373 -0.102368
2864731008 0.00264487
503523818 -0.15487
2992361098 -0.091302
1955002940 -0.0181981
3676840785 -0.0109961
3578303371 -0.0610391
3828226200 -0.0941021
2621622536 -0.15487
410146992 -0.00149226
952898568 -0.00171
4013197400 0.00427569
3289177414 -0.000831712
75549082 -0.013752
331219308 -0.15487
362647885 -0.0733235
813781066 -0.0147981
2633191638 -0.0181745
3201352653 -0.00788367
350495454 -0.00293626
2808859044 -0.091302
1747869855 -0.0181987
3824128002 -0.00681131
642521268 -0.0147981
3256501030 -0.0199078
4153900588 -0.00788367
4068714951 -0.0610391
261504711 -0.0249604
1430112322 -0.15487
777599666 -0.00731823
2125847845 -0.00209225
1540036778 -0.00111434
1692767744 -0.0941021
862088666 -0.091302
3876134116 -0.0158172
4181232444 -0.0610391
406984589 -0.0111149
960766302 -0.00867196
1227902734 -0.0103142
3957647522 -0.0193747
1402554340 -0.00805424
594719562 -0.0010405
2372549128 -0.0129678
2511575324 -0.0941021
2730127352 -0.091302
3068065464 -0.00221551
3507834445 -0.0240809
144944517 -0.0436187
4077923174 -0.0859399
3651098565 -0.00293626
2067978599 -0.00012746
2009499608 -0.0181745
3124735508 -0.0116642
1083394991 -0.0610391
1088945299 -0.0184296
540093018 -0.00526955
2216935762 -0.0042633
2778546339 -0.00867196
1956232018 -0.0193747
3650476081 -0.0240809
2668910186 -0.00731823
40996090 -0.0249604
535941527 -0.0129678
3284042598 -0.007505
587092444 -0.00642934
2127797818 -0.0094862
2353315960 -0.0147981
4259269111 -0.00681131
3661966879 -0.0198254
1840549049 -0.00681131
4072636110 -0.00681131
1794856285 -0.00642934
2569680726 -0.00306881
2597147609 -0.00059117
2843824084 -0.0010405
2755833871 -0.000255335
2169194919 -0.15487
3764505622 -0.00012746
4214050840 0.00249912
2057483835 -0.00149226
1342157981 -0.0184296
236369400 -0.00878794
60608086 -0.00878794
1728049363 -0.00876612
1412340566 -0.00436976
2996734433 -0.0193747
3454216039 -0.0249604
1605803999 -0.00010607
3490111306 -0.0138765
837496238 -0.00293626
4072383076 -0.0770906
2159361327 -0.00231699
2669474086 -0.00642934
4093622152 -0.00748371
1331964967 -0.15487
3307149330 -0.00748371
992372818 -0.00209225
2728127955 -0.019714
3514939599 -0.00788367
1638609704 -0.0208445
4258525089 -0.15487
220906968 -0.00231699
4108817096 -0.00168774
394783903 -0.00059117
417937679 0.00192954
187665100 -0.00322126
2832312000 -0.091302
687381725 -0.0126081
1460362125 -0.0309377
3103721368 -0.0032438
2813716466 -0.000909088
726748024 -0.0032438
609342700 -0.00856624
1106053494 -0.0123238
3223614919 -0.00306881
4073368448 0.00198124
755151769 -0.00306881
3010975974 -0.00528947
4218091012 -0.0129678
78039833 -0.0123238
2722132332 -0.0400115
1563778072 -0.00231699
3241095964 -0.0111149
943524439 -0.00642934
3077625518 -0.0379614
2922694512 -0.00409027
1208828684 -0.0181981
2965166580 -0.0859399
677201290 -0.0103142
3756591986 -0.0010405
1379313878 -0.0181981
2913616310 -0.013752
3340113727 -0.00544764
33450972 -0.000909088
4167359922 -0.0114182
484309559 -0.0114182
4109730349 -0.00168774
2870066588 0.00192954
31130388 0.00264487
2934824804 -0.15487
722686710 -0.00856624
3754452299 -0.15487
2655866658 -0.0032438
3175070855 -0.0758699
1855717160 -0.00231699
4097946403 -0.0129678
2123068591 -0.00209225
609703868 -0.011675
570932490 -0.00528947
1759058572 -0.00184219
2824890499 -0.15487
76750958 -0.00184219
4157794503 -0.0042633
2467071049 -0.15487
2722766595 -0.0340233
1668394961 -0.102368
3155893353 0.00192954
1023510474 -0.0379614
4049155636 -0.0138765
315089625 -0.00149226
3962483774 -0.00997737
511244140 -0.0111149
2999644973 -0.0138765
2659434454 -0.00867196
4250451206 -0.00397913
3422913332 -0.0181745
1348676663 -0.00699117
2257091313 -0.0240809
3119150608 -0.00491525
3679368291 -0.00548894
1688910903 -0.0240809
2192770400 -0.091302
1800304628 -0.0119137
4284594406 -0.0123238
3976027647 -0.00117807
3454942386 -0.15487
784611069 -0.00322126
2588037217 -0.00528947
3387954407 -0.00322126
652877872 -0.00878794
2919182003 -0.00642934
1552103602 -0.15487
3178482882 -0.0032438
941971035 0.00264487
722599523 -0.000548108
246159599 0.00523938
3179128925 -0.000932735
1659218527 -0.0249604
138957387 -0.00306881
3808351211 -0.0379614
3028467478 -0.00059117
1032703249 -0.000909088
3390545656 -0.00184219
506765730 -0.0103142
2603231137 -0.00396364
2798145565 -0.00059117
1757208737 -0.00149226
1157734194 -0.15487
450879470 0.00198124
2272255135 -0.0181981
2023937645 -0.0379614
3499659669 0.00249912
1892757548 -0.00012746
1460428146 -0.0193747
340283560 -0.0318832
