3615457753 -0.00396702
3210259165 -9.31109e-05
2496582483 -0.00134874
1080665860 -0.016443
3473645296 -0.00396702
2832312000 -0.0954952
4214050840 0.00398119
2919182003 -0.00794892
40996090 -0.0178475
2503218473 -0.000186986
1342157981 -0.0167049
916791228 -0.0300999
3507834445 -0.016001
3269753752 -0.016001
503523818 -0.159032
4258915161 -0.00167929
574144741 -0.000972533
2208327497 -0.0143719
31130388 0.00498303
3402335971 -0.00549827
138957387 -0.00673029
1692767744 -0.0861041
3159882689 -0.0160335
4250451206 -0.00191982
3611081134 -0.00348035
414185897 -0.00849117
220906968 -0.00711981
2722766595 -0.0408621
3103721368 -0.00221554
1994507682 -0.159032
2728127955 -0.0120627
3651098565 -0.000497778
3340113727 -0.00134874
406984589 -0.00657658
261504711 -0.0178475
726748024 -0.00221554
417937679 0.00267915
3573108544 0.00267915
2809633026 0.00267915
816205235 -0.0167049
3586533348 -0.00134874
24766274 -0.0184696
2466869421 -0.000120756
1944161631 -0.0068585
1193443314 -0.000226722
862088666 -0.0954952
1214198145 -0.00246774
1840549049 -0.00568784
2813716466 -0.00140801
2353789938 -0.0184696
1460362125 -0.0300797
1644060018 -0.00154702
3068065464 -0.000714184
408795628 -0.0153078
409439540 -0.0604685
1331964967 -0.159032
75549082 -0.00832925
340020233 -0.00348035
1759058572 -0.00205234
3390545656 -0.00205234
2272255135 -0.0115499
2864731008 0.00498303
168721373 -0.10312
3040627814 -0.00673029
242579288 -0.0153078
2603231137 -0.0018617
4049155636 -0.0143719
2569680726 -0.00673029
4160373385 -0.0120627
1599691429 -0.00396702
648299962 -0.0150819
3450350195 -0.00167929
144944517 -0.0468676
814323586 -0.00381052
888806534 0.00127415
594719562 -0.00337548
348965350 -0.0794904
2597147609 -0.00396937
2201423994 -0.0150819
777599666 -0.00457536
3679368291 -0.00730713
1957257775 -0.00134874
2999644973 -0.0143719
2342242945 -0.00361734
2750319301 -0.00350531
948043381 -0.00798184
2589233783 -0.0424588
967194564 -0.00167929
4210192640 -0.00297201
2739197308 -0.00802443
4205517319 -0.0737717
3124735508 -0.0150819
2051163565 -0.0150819
1227902734 -0.0068585
570932490 -0.00246774
1317514601 -0.00138221
3524065126 -0.159032
1088945299 -0.0167049
1083394991 -0.0409574
3828226200 -0.0861041
2037212670 -0.00480153
1879909838 -0.016443
3284042598 -0.00523959
1659218527 -0.0178475
1816786186 -0.0167049
53654230 -0.00213643
309476610 -0.00832925
1668202269 -0.0160335
3113006428 -0.0160335
2159361327 -0.00711981
2459566987 -0.00480153
2949164478 -0.0115916
562900972 -0.0160335
4284594406 -0.016443
1830739977 -0.00711981
645866918 -0.000972533
1379313878 -0.0115499
3904323026 -0.00886881
1502963371 -0.00849117
2668910186 -0.00457536
867396152 -0.00849117
3340792401 -0.00480153
4137844462 -0.00221554
1402554340 -0.0115916
1208828684 -0.0115499
3984727704 -0.00480153
2192770400 -0.0954952
3876134116 -0.0117123
2636560243 -0.0115499
2950545103 -0.000120756
331219308 -0.159032
362647885 -0.0798516
2131827147 -0.0120627
3153662117 -0.00257051
484309559 -0.0107511
1955002940 -0.0115499
4013197400 0.00196676
2934824804 -0.159032
2626831277 -0.0231128
3419577079 -0.0231128
1042673590 -0.0737717
4093622152 -0.00361263
1638609704 -0.0205984
3413310241 -0.0178475
3484842215 -0.159032
1139488070 -0.0392442
4072636110 -0.00568784
694678698 -0.00474859
2125847845 -0.00297201
3416930943 -0.00171861
652877872 -0.00380524
503113475 0.00245502
2922694512 -0.00471561
2992361098 -0.0954952
1955984430 -0.00348035
1214918195 -0.10312
3347912765 -0.00138221
2348409359 -0.00657658
340283560 -0.0289292
1886972492 -0.0457276
3784310625 -0.0861041
1086872984 -0.000972533
1886085176 -0.00138221
2127797818 -0.00823925
4157794503 -0.00213643
3576510868 -0.0737717
2467071049 -0.159032
2899628589 -0.00154702
3276042364 -0.000186986
303606737 -0.00167929
3295815498 -0.0150819
2037897888 -0.00457536
989097633 -0.131093
755151769 -0.00673029
4073368448 0.00245502
788013522 -0.00138221
1068486945 -0.159032
3408801716 -0.00396702
4145317105 -0.00205234
3676840785 -0.00785593
3196305184 -0.00345376
1855717160 -0.00711981
1019609506 -0.0231128
600785841 -0.0194316
2099288197 -0.00246774
4167359922 -0.0107511
4112518923 -0.159032
4097946403 -0.0124974
3501619897 -0.0107511
2372549128 -0.0124974
3227208719 0.00245502
4252437569 -0.00271269
2641233962 -0.0737717
784611069 -0.00345376
3028467478 -0.00396937
394783903 -0.00396937
2337104132 -0.000120756
1614564814 -0.0861041
3605202573 -0.00209022
854720261 -0.00515719
3220415338 -0.00135481
2655866658 -0.00221554
2076461858 0.00498303
350495454 -0.000497778
4218091012 -0.0124974
1560336220 -0.0194316
3957647522 -0.0217064
2588037217 -0.00246774
4181232444 -0.0409574
1106053494 -0.016443
4077923174 -0.093152
1890888466 -0.00451239
2778546339 -0.00361734
3241095964 -0.00657658
943524439 -0.00794892
3661966879 -0.0160335
1624232979 -0.00209022
1649915976 -0.00263426
3650476081 -0.016001
3179128925 -0.000830953
103118721 -0.00205234
2369629527 -0.0604685
2282412694 -0.0424588
1563778072 -0.00711981
3201352653 -0.00278809
722686710 -0.00515719
2009499608 -0.0153078
2633191638 -0.0153078
2808859044 -0.0954952
1032703249 -0.00140801
813781066 -0.0184696
1685386623 -0.00209022
2120356631 0.00017947
3979502784 -0.00099582
328194109 -0.00803068
1412340566 -0.000437525
960766302 -0.00361734
4153900588 -0.00278809
2621622536 -0.159032
2511575324 -0.0861041
2730127352 -0.0954952
1956232018 -0.0217064
1999760145 -0.00154702
3454216039 -0.0178475
3512686521 -0.00213643
2996734433 -0.0217064
3454942386 -0.159032
4167620350 -0.00457536
789587149 -0.0143719
3889918511 -0.0115916
3952803538 -0.000972533
1728049363 -0.00849117
1460428146 -0.0217064
3397201191 -0.00154702
540093018 -0.000687489
1552103602 -0.159032
3043722395 -0.000186986
2870066588 0.00267915
609703868 -0.0102275
3077625518 -0.0300999
622719734 -0.0037397
2669474086 -0.00794892
3992833684 -0.013239
3256501030 -0.0194316
649420955 -0.00361263
587092444 -0.00794892
187665100 -0.00345376
1430112322 -0.159032
3514939599 -0.00278809
3068673577 -0.00231003
60608086 -0.00380524
3468144064 -0.0424588
33450972 -0.00140801
3997492553 -0.00849117
4085699543 -0.00400093
3010975974 -0.00246774
1823791746 -0.000186986
2528188504 -0.000205755
3307149330 -0.00361263
109331286 -0.000502199
3540489244 0.00127415
3140841674 0.00127415
1720049421 0.00127415
2843824084 -0.00337548
3175070855 -0.0604685
1314161884 -0.000186986
3756591986 -0.00337548
677201290 -0.0068585
236369400 -0.00380524
240321797 -0.0115916
246159599 0.00647273
3077701824 -0.00167929
1853351806 -0.00278809
450879470 0.00245502
1461071546 -0.00657658
511244140 -0.00657658
609342700 -0.00515719
2023937645 -0.0300999
2798145565 -0.00396937
687381725 -0.00763495
3155893353 0.00267915
2123068591 -0.00297201
1747869855 -0.0231128
3824128002 -0.00568784
664194804 -0.0604685
4150456259 -0.0240156
2183104177 -0.00209022
2965166580 -0.093152
4072383076 -0.0616337
3468422480 -0.000120756
3622032981 -0.0179402
1157734194 -0.159032
2919392317 -0.00134874
3040060696 -0.00515719
1358373431 -0.000497778
198393422 -0.0124974
941971035 0.00498303
3327645142 -0.00209022
3513799629 -0.0107511
76750958 -0.00205234
3162095595 0.00498303
4100164576 0.00398119
535941527 -0.0124974
3928550205 -0.0217064
3422913332 -0.0153078
1348676663 -0.00557133
2999558953 -0.159032
506765730 -0.0068585
2913616310 -0.00832925
3223614919 -0.00673029
722599523 -0.00204962
1696892145 -0.00457536
2321805016 -0.000120756
391600216 -0.00832925
3387954407 -0.00345376
2722132332 -0.0469692
78039833 -0.016443
2824890499 -0.159032
3178482882 -0.00221554
2659434454 -0.00361734
1507441971 -0.00124467
1417015101 -0.00486271
3808351211 -0.0300999
2169194919 -0.159032
4068714951 -0.0409574
2353315960 -0.0184696
630890747 -0.0409574
3768420552 -0.0604685
3976027647 -0.00434927
992372818 -0.00297201
346332184 -0.000626082
847094226 -0.0194316
2257091313 -0.016001
1668394961 -0.10312
1643589477 -0.0231128
3754452299 -0.159032
2216935762 -0.00213643
1196281327 -0.00154702
1610117894 -0.00337548
3119150608 -0.00396702
1688910903 -0.016001
837496238 -0.000497778
2026563337 0.00398119
3499659669 0.00398119
2320719623 0.00398119
1141674736 -0.00337548
1800304628 -0.0119947
2429821563 -0.159032
2924471996 -0.0424588
2247380215 -0.0107511
1794856285 -0.00794892
1390021017 -0.00140801
3962483774 -0.0062943
1023510474 -0.0300999
4259269111 -0.00568784
2822609060 -0.00348035
2203438724 -0.093152
4258525089 -0.159032
3244275741 -0.00380524
3578303371 -0.0409574
2012617064 -0.0737717
642521268 -0.0184696
3490111306 -0.0143719
