3615457753 -0.00259022
2253595540 -0.00182633
648299962 -0.0131483
3473645296 -0.00259022
2965166580 -0.0955728
2348409359 -0.0123124
3520458539 0.00113786
3904323026 -0.00471405
1019609506 -0.0203213
2843824084 -0.00476719
3103721368 -0.002971
3340113727 -0.00214348
414185897 -0.0134293
3586533348 -0.00214348
2569680726 -0.00416718
784611069 -0.00131075
2320719623 0.00389961
2026563337 0.00389961
4100164576 0.00389961
3162095595 0.00277159
350495454 -0.00336795
3611081134 -0.00144325
3290022460 -0.00147898
1088945299 -0.0154854
4137844462 -0.002971
587092444 -0.0094104
3484842215 -0.164082
1692767744 -0.0825498
2203438724 -0.0955728
331219308 -0.164082
362647885 -0.0821747
33450972 -0.00199264
3454942386 -0.164082
3397201191 -0.00240287
2192770400 -0.0953657
609703868 -0.00480106
3576510868 -0.106842
503523818 -0.164082
3269753752 -0.029429
2001570321 -0.00279431
3014984883 -0.00691041
2641233962 -0.106842
664194804 -0.0463219
562900972 -0.0135564
3159882689 -0.0135564
3450350195 -0.00208189
2922694512 -0.00623199
303606737 -0.00208189
1696892145 -0.00595514
4258525089 -0.164082
24766274 -0.0120886
2822609060 -0.00144325
3119150608 -0.00259022
847094226 -0.0173869
1106053494 -0.0132696
3244275741 -0.00731875
236369400 -0.00731875
484309559 -0.0142515
814323586 -0.0017077
1068486945 -0.164082
409439540 -0.0463219
2511575324 -0.0825498
777599666 -0.00595514
3413310241 -0.0202007
2621622536 -0.164082
1668202269 -0.0135564
75549082 -0.0137003
367814234 -0.000140219
570932490 -0.00437922
2636560243 -0.0120672
594719562 -0.00476719
2076461858 0.00277159
1348676663 -0.00384595
2208327497 -0.0128798
2247380215 -0.0142515
2798145565 -0.00305236
3889918511 -0.0103281
2949164478 -0.0103281
1402554340 -0.0103281
340020233 -0.00144325
2169194919 -0.164082
3285021726 -0.0044997
694678698 -0.00153365
2864731008 0.00277159
168721373 -0.107996
138957387 -0.00416718
2099288197 -0.00437922
3573108544 0.00234762
109331286 -0.00201637
198393422 -0.0130712
3347912765 -0.00110761
1994507682 -0.164082
3077701824 -0.00208189
1563778072 -0.00477359
1830739977 -0.00477359
3512686521 -0.00292854
3490111306 -0.0128798
1855717160 -0.00477359
3928550205 -0.0255008
4093622152 -0.00515142
2919182003 -0.0094104
2478103383 -0.00223197
1214198145 -0.00437922
854720261 -0.000945633
726748024 -0.002971
2813716466 -0.00199264
3113006428 -0.0135564
3416930943 -0.000990191
1560336220 -0.0173869
535941527 -0.0130712
1193443314 -0.0021533
4160373385 -0.0211409
4284594406 -0.0132696
1853351806 -0.00370077
1139488070 -0.0440009
1886972492 -0.048476
1599691429 -0.00259022
4218091012 -0.0130712
3340792401 -0.000272702
867396152 -0.0134293
1955984430 -0.00144325
4072383076 -0.0477957
2655866658 -0.002971
2372549128 -0.0130712
2353789938 -0.0120886
3784310625 -0.0825498
2832312000 -0.0953657
1502963371 -0.0134293
1461071546 -0.0123124
2750319301 -0.0026118
948043381 -0.00672506
4252437569 -0.00553776
3992833684 -0.0150624
4167620350 -0.00595514
789587149 -0.0128798
1983742981 -0.00223197
4210192640 -0.0048522
2739197308 -0.00356289
3828226200 -0.0825498
3468144064 -0.042825
3768420552 -0.0463219
406984589 -0.0123124
2626831277 -0.0203213
3501619897 -0.0142515
2934824804 -0.164082
4150456259 -0.0248961
2992361098 -0.0953657
3014335135 -0.000549972
677201290 -0.00742164
3756591986 -0.00476719
2924471996 -0.042825
652877872 -0.00731875
2037897888 -0.00595514
2999558953 -0.164082
2528188504 -0.00367741
3307149330 -0.00515142
3002809686 -0.00596533
511244140 -0.0123124
4205517319 -0.106842
941971035 0.00277159
4145317105 -0.00374637
626515826 -0.00182633
4097946403 -0.0130712
2919392317 -0.00214348
1379313878 -0.0120672
2272255135 -0.0120672
609342700 -0.000945633
813781066 -0.0120886
1042673590 -0.106842
565737463 -0.00182633
1460428146 -0.0255008
1944161631 -0.00742164
1835131512 -0.00182633
3507834445 -0.029429
4181232444 -0.0386359
4112518923 -0.164082
967194564 -0.00208189
2589233783 -0.042825
4077923174 -0.0955728
755151769 -0.00416718
4073368448 0.00125847
2603231137 -0.00113006
3524065126 -0.164082
3201352653 -0.00370077
1157734194 -0.164082
3068673577 -0.00400732
1955002940 -0.0120672
408795628 -0.0116981
2899628589 -0.00240287
4167359922 -0.0142515
4153900588 -0.00370077
328194109 -0.00373674
3295815498 -0.0131483
2369629527 -0.0463219
103118721 -0.00374637
220906968 -0.00477359
417937679 0.00234762
992372818 -0.0048522
2728127955 -0.0211409
1214918195 -0.107996
1032703249 -0.00199264
1342157981 -0.0154854
2353315960 -0.0120886
2201423994 -0.0131483
240321797 -0.0103281
2429821563 -0.164082
2730127352 -0.0953657
1956232018 -0.0255008
3876134116 -0.0135442
2131827147 -0.0211409
1879909838 -0.0132696
2037212670 -0.000272702
3651098565 -0.00336795
1643589477 -0.0203213
2999644973 -0.0128798
3676840785 -0.00905787
1023510474 -0.0414137
2009499608 -0.0116981
2633191638 -0.0116981
3419577079 -0.0203213
1412340566 -0.00105177
3227208719 0.00125847
3650476081 -0.029429
3256501030 -0.0173869
4214050840 0.00389961
3094506940 -0.00147898
1299330628 -0.00357772
630890747 -0.0386359
3535580163 -0.00147898
3514939599 -0.00370077
3124735508 -0.0131483
4049155636 -0.0128798
394783903 -0.00305236
1759058572 -0.00374637
1390021017 -0.00199264
76750958 -0.00374637
3808351211 -0.0414137
1816786186 -0.0154854
3622032981 -0.0171731
3957647522 -0.0255008
3454216039 -0.0202007
2996734433 -0.0255008
862088666 -0.0953657
687381725 -0.00763648
649420955 -0.00515142
450879470 0.00125847
4013197400 0.00620626
4068714951 -0.0386359
2778546339 -0.00904792
3196305184 -0.00131075
3997492553 -0.0134293
3223614919 -0.00416718
1614564814 -0.0825498
1610117894 -0.00476719
2125847845 -0.0048522
989097633 -0.147125
2317159977 -0.00147898
1644060018 -0.00240287
3284042598 -0.00401075
348965350 -0.0833862
3175070855 -0.0463219
4259269111 -0.00593174
4072636110 -0.00593174
1358373431 -0.00336795
1840549049 -0.00593174
1999760145 -0.00240287
2051163565 -0.0131483
4085699543 -0.0048878
2342242945 -0.00904792
1886085176 -0.00110761
2127797818 -0.00727508
2282412694 -0.042825
3824128002 -0.00593174
1747869855 -0.0203213
3077625518 -0.0414137
816205235 -0.0154854
309476610 -0.0137003
53654230 -0.00292854
144944517 -0.0458753
187665100 -0.00131075
4109730349 -0.00223197
2870066588 0.00234762
3387954407 -0.00131075
722686710 -0.000945633
3754452299 -0.164082
2808859044 -0.0953657
1227902734 -0.00742164
2597147609 -0.00305236
60313977 -0.00436018
2669474086 -0.0094104
1638609704 -0.023369
1552103602 -0.164082
31130388 0.00277159
3210259165 -0.000749889
3040627814 -0.00416718
3241095964 -0.0123124
943524439 -0.0094104
1208828684 -0.0120672
1728049363 -0.0134293
4258915161 -0.00208189
3390545656 -0.00374637
2913616310 -0.0137003
2809633026 0.00234762
2588037217 -0.00437922
3984727704 -0.000272702
2459566987 -0.000272702
3040060696 -0.000945633
2257091313 -0.029429
1890888466 -0.00543593
3010975974 -0.00437922
242579288 -0.0116981
2123068591 -0.0048522
1196281327 -0.00240287
3155893353 0.00234762
4157794503 -0.00292854
2467071049 -0.164082
2722766595 -0.031462
1083394991 -0.0386359
3422913332 -0.0116981
3408801716 -0.00259022
1659218527 -0.0202007
3661966879 -0.0135564
1331964967 -0.164082
2668910186 -0.00595514
3499659669 0.00389961
3679368291 -0.00398567
1957257775 -0.00214348
1430112322 -0.164082
642521268 -0.0120886
391600216 -0.0137003
1688910903 -0.029429
261504711 -0.0202007
1668394961 -0.107996
2659434454 -0.00904792
2216935762 -0.00292854
60608086 -0.00731875
2824890499 -0.164082
837496238 -0.00336795
1317514601 -0.00110761
2023937645 -0.0414137
1794856285 -0.0094104
506765730 -0.00742164
788013522 -0.00110761
2496582483 -0.00214348
600785841 -0.0173869
916791228 -0.0414137
4108817096 -0.00223197
3578303371 -0.0386359
503113475 0.00125847
246159599 0.00654019
3178482882 -0.002971
1460362125 -0.0385067
40996090 -0.0202007
78039833 -0.0132696
2722132332 -0.0444227
2012617064 -0.106842
1080665860 -0.0132696
960766302 -0.00904792
346332184 -0.00279457
1141674736 -0.00476719
3919903512 -0.00182633
174105210 -0.0059225
3976027647 -0.00286677
1800304628 -0.0133442
3962483774 -0.00554122
2159361327 -0.00477359
3028467478 -0.00305236
340283560 -0.0298832
3513799629 -0.0142515
