3468144064 -0.0454238
648299962 -0.0128675
2320719623 0.0039364
4214050840 0.0039364
4100164576 0.0039364
3992833684 -0.0150122
2641233962 -0.0875869
3484842215 -0.160319
1141674736 -0.000438846
3576510868 -0.0875869
2001570321 -0.00224556
503523818 -0.160319
562900972 -0.0194817
3402335971 -0.00559646
1944161631 -0.00858429
2636560243 -0.0184942
2076461858 0.00337296
3387954407 -0.00436291
3159882689 -0.0194817
2919182003 -0.00910004
1342157981 -0.0169759
2051163565 -0.0128675
3520458539 0.00106661
816205235 -0.0169759
1886972492 -0.0478283
138957387 -0.00312696
3824128002 -0.00498827
1747869855 -0.0208216
4137844462 -0.00161096
331219308 -0.160319
362647885 -0.0808284
3340113727 -0.00588723
391600216 -0.0114211
2843824084 -0.000438846
1214198145 -0.00319935
2046790340 -0.0001875
1692767744 -0.0878076
2922694512 -0.00436319
2999558953 -0.160319
4072383076 -0.0597262
1189437544 -0.0001875
2353315960 -0.0150255
2026563337 0.0039364
3113006428 -0.0194817
1644060018 -0.0017231
587092444 -0.00910004
630890747 -0.0441359
888806534 0.000644543
3227208719 0.00421749
3454216039 -0.0208219
4205517319 -0.0875869
3202399242 -0.000935397
2813716466 -0.00510516
1088945299 -0.0169759
1461071546 -0.0083275
2348409359 -0.0083275
2125847845 -0.00289467
694678698 -0.00168375
984625827 -0.0001875
2201423994 -0.0128675
1853351806 -0.00319398
2099288197 -0.00319935
503113475 0.00421749
3119150608 -0.00718831
3103721368 -0.00161096
867396152 -0.00687417
948043381 -0.00493527
2750319301 -0.00259168
3473645296 -0.00718831
3507834445 -0.017664
726748024 -0.00161096
1563778072 -0.00800087
1068486945 -0.160319
3501619897 -0.0102593
2353789938 -0.0150255
303606737 -0.000721793
309476610 -0.0114211
53654230 -0.00719228
3413310241 -0.0208219
3679368291 -0.00416853
3957647522 -0.0197682
1956232018 -0.0197682
4093622152 -0.00589295
1840549049 -0.00498827
4049155636 -0.0083306
2864731008 0.00337296
814323586 -0.00505881
2247380215 -0.0102593
236369400 -0.00633755
417937679 0.00238988
1830739977 -0.00800087
144944517 -0.051592
837496238 -0.00427931
3586533348 -0.00588723
2919392317 -0.00588723
1080665860 -0.0168164
1417015101 -0.00323666
1502963371 -0.00687417
3904323026 -0.0104197
847094226 -0.0183442
1379313878 -0.0184942
3269753752 -0.017664
109331286 -0.00541186
1042673590 -0.0875869
3376545127 -6.83051e-05
3622032981 -0.0178979
2621622536 -0.160319
889063411 -2.9182e-05
2626831277 -0.0208216
60608086 -0.00633755
3110804562 -6.83051e-05
2778546339 -0.00186284
2208327497 -0.0083306
3876134116 -0.0128564
3611081134 -0.00342804
3285021726 -0.00469777
1412340566 -0.00689351
3784310625 -0.0878076
1957257775 -0.00588723
3976027647 -0.00225003
594719562 -0.000438846
4258915161 -0.000721793
2429821563 -0.160319
2792069182 -2.9182e-05
33450972 -0.00510516
240321797 -0.0127063
350495454 -0.00427931
1083394991 -0.0441359
4284594406 -0.0168164
2934824804 -0.160319
220906968 -0.00800087
2924471996 -0.0454238
3416930943 -0.0039141
328194109 -0.00646276
1879909838 -0.0168164
3140841674 0.000644543
4153900588 -0.00319398
4068714951 -0.0441359
4150456259 -0.0234223
2131827147 -0.0143368
2722766595 -0.0316636
40996090 -0.0208219
75549082 -0.0114211
2192770400 -0.0993475
3828946292 -6.83051e-05
242579288 -0.00913742
609342700 -0.00606479
4112518923 -0.160319
340283560 -0.0289131
198393422 -0.014336
1955984430 -0.00342804
2999644973 -0.0083306
2798145565 -0.00159302
2342242945 -0.00186284
4181232444 -0.0441359
3651098565 -0.00427931
4210192640 -0.00289467
3524065126 -0.160319
611520789 -6.83051e-05
3979502784 -0.00141691
3754452299 -0.160319
1358373431 -0.00427931
1994507682 -0.160319
1955002940 -0.0184942
3201352653 -0.00319398
2659434454 -0.00186284
31130388 0.00337296
862088666 -0.0993475
1139488070 -0.0469793
1214918195 -0.103373
1688910903 -0.017664
664194804 -0.0569399
3997492553 -0.00687417
4160373385 -0.0143368
3650476081 -0.017664
3284042598 -0.00720267
2437820586 -0.0001875
187665100 -0.00436291
2159361327 -0.00800087
3676840785 -0.00756834
1019609506 -0.0208216
2337062318 -6.83051e-05
3419577079 -0.0208216
2369629527 -0.0569399
409439540 -0.0569399
4247114357 -0.00110278
2808859044 -0.0993475
408795628 -0.00913742
2282412694 -0.0454238
3512686521 -0.00719228
2996734433 -0.0197682
3408801716 -0.00718831
3241095964 -0.0083275
943524439 -0.00910004
3889918511 -0.0127063
1106053494 -0.0168164
1614564814 -0.0878076
2739197308 -0.00422149
3175070855 -0.0569399
3615457753 -0.00718831
2728127955 -0.0143368
1560336220 -0.0183442
2655866658 -0.00161096
1227902734 -0.00858429
813781066 -0.0150255
854720261 -0.00606479
2009499608 -0.00913742
2633191638 -0.00913742
1668394961 -0.103373
3828226200 -0.0878076
1430112322 -0.160319
2272255135 -0.0184942
1668202269 -0.0194817
609703868 -0.00914575
722599523 -0.00252877
1728049363 -0.00687417
406984589 -0.0083275
4097946403 -0.014336
3244275741 -0.00633755
2037897888 -0.0063855
3040060696 -0.00606479
3162095595 0.00337296
24766274 -0.0150255
2023937645 -0.0272542
78039833 -0.0168164
2722132332 -0.0392962
4072636110 -0.00498827
989097633 -0.133117
3196305184 -0.00436291
2992361098 -0.0993475
1196281327 -0.0017231
2127797818 -0.00870564
2511575324 -0.0878076
2730127352 -0.0993475
4218091012 -0.014336
2569680726 -0.00312696
3040627814 -0.00312696
3223614919 -0.00312696
4073368448 0.00421749
755151769 -0.00312696
1208828684 -0.0184942
687381725 -0.00565967
3295815498 -0.0128675
2257091313 -0.017664
4085699543 -0.00436422
3010975974 -0.00319935
570932490 -0.00319935
649420955 -0.00589295
1794856285 -0.00910004
2949164478 -0.0127063
1855717160 -0.00800087
3661966879 -0.0194817
1023510474 -0.0272542
3649921194 -2.9182e-05
450879470 0.00421749
789587149 -0.0083306
4167620350 -0.0063855
777599666 -0.0063855
484309559 -0.0102593
3514939599 -0.00319398
784611069 -0.00436291
1638609704 -0.016196
2870066588 0.00238988
4157794503 -0.00719228
2467071049 -0.160319
2913616310 -0.0114211
2809633026 0.00238988
3573108544 0.00238988
4013197400 0.00787989
340020233 -0.00342804
2597147609 -0.00159302
2899628589 -0.0017231
2822609060 -0.00342804
414185897 -0.00687417
4252437569 -0.00288436
3499659669 0.0039364
3422913332 -0.00913742
2965166580 -0.091861
3450350195 -0.000721793
1348676663 -0.003148
2123068591 -0.00289467
4077923174 -0.091861
506765730 -0.00858429
2589233783 -0.0454238
967194564 -0.000721793
2496582483 -0.00588723
168721373 -0.103373
1999760145 -0.0017231
1402554340 -0.0127063
2169194919 -0.160319
3124735508 -0.0128675
3077625518 -0.0272542
3307149330 -0.00589295
3002809686 -0.00287638
2528188504 -0.00155729
677201290 -0.00858429
3756591986 -0.000438846
652877872 -0.00633755
1720049421 0.000644543
3068673577 -0.000326144
246159599 0.00594645
3077701824 -0.000721793
2669474086 -0.00910004
535941527 -0.014336
642521268 -0.0150255
2820353764 -0.0001875
4167359922 -0.0102593
1816786186 -0.0169759
1800304628 -0.0108719
2588037217 -0.00319935
511244140 -0.0083275
1643589477 -0.0208216
3028467478 -0.00159302
722686710 -0.00606479
2203438724 -0.091861
3454942386 -0.160319
941971035 0.00337296
3178482882 -0.00161096
1460362125 -0.037438
3256501030 -0.0183442
3397201191 -0.0017231
600785841 -0.0183442
3210259165 -0.000912854
3513799629 -0.0102593
960766302 -0.00186284
1659218527 -0.0208219
3808351211 -0.0272542
3155893353 0.00238988
394783903 -0.00159302
2012617064 -0.0875869
1696892145 -0.0063855
1157734194 -0.160319
3179128925 -0.0029764
3540489244 0.000644543
3578303371 -0.0441359
916791228 -0.0272542
3886388661 -2.9182e-05
3928550205 -0.0197682
2824890499 -0.160319
3490111306 -0.0083306
348965350 -0.0867977
2832312000 -0.0993475
1032703249 -0.00510516
1599691429 -0.00718831
1460428146 -0.0197682
1331964967 -0.160319
4258525089 -0.160319
2603231137 -0.00382506
2668910186 -0.0063855
894202365 -4.13771e-06
261504711 -0.0208219
2216935762 -0.00719228
4259269111 -0.00498827
3768420552 -0.0569399
1390021017 -0.00510516
1552103602 -0.160319
992372818 -0.00289467
2372549128 -0.014336
1610117894 -0.000438846
3962483774 -0.00569581
