4181232444 -0.0519387
2208327497 -0.015945
3402335971 -0.00524595
2551097216 -0.000284532
587092444 -0.00248038
3484842215 -0.153731
2597147609 -0.00239396
3501619897 -0.0104305
3586533348 -0.00316416
3611081134 -0.00376421
2632074488 -0.00167514
3159882689 -0.0153634
3269753752 -0.0246542
31130388 0.00117233
40996090 -0.0193792
2123068591 -0.00452108
2832312000 -0.0897141
406984589 -0.00392305
726748024 -0.00551245
414185897 -0.0125637
562900972 -0.0153634
888806534 0.00144646
2353315960 -0.0132
3591675061 -0.00074872
816205235 -0.013769
1461071546 -0.00392305
1088945299 -0.013769
3077625518 -0.0315973
2272255135 -0.00995029
1794856285 -0.00248038
2511575324 -0.0890955
2429821563 -0.153731
4210192640 -0.00452108
2348409359 -0.00392305
1649915976 -0.00257361
1994507682 -0.153731
2636560243 -0.00995029
540093018 -0.00369783
1830739977 -0.0112753
4137844462 -0.00551245
3340113727 -0.00316416
2076461858 0.00117233
3808351211 -0.0315973
3679368291 -0.00379469
648299962 -0.0136351
60608086 -0.00364176
2201423994 -0.0136351
2798145565 -0.00239396
1348676663 -0.00411692
1639781972 -0.00465797
847094226 -0.0144489
594719562 -0.000294274
1956232018 -0.0175513
348965350 -0.0758491
1816786186 -0.013769
103118721 -0.00228519
2702431645 -0.000284532
3928550205 -0.0175513
1692767744 -0.0890955
3223614919 -0.0031926
4145317105 -0.00228519
3419577079 -0.0138866
2051163565 -0.0136351
2569680726 -0.0031926
503113475 0.00285935
1342157981 -0.013769
664194804 -0.0639736
636349432 -0.00167514
1886972492 -0.053392
1139488070 -0.0421952
46084012 -0.00167514
670252519 -0.00074872
417937679 0.0011105
1599691429 -0.00639519
4218091012 -0.00686563
3119150608 -0.00639519
2216935762 -0.00173704
1840549049 -0.00659386
4072636110 -0.00659386
4259269111 -0.00659386
2999558953 -0.153731
1460428146 -0.0175513
3957647522 -0.0175513
220906968 -0.0112753
2922694512 -0.00327965
1460362125 -0.027219
3068065464 -0.000794296
2001570321 -0.00335404
2919392317 -0.00316416
1879909838 -0.0219779
2626831277 -0.0138866
1019609506 -0.0138866
600785841 -0.0144489
2864731008 0.00117233
1379313878 -0.00995029
2641233962 -0.0344814
3622032981 -0.0183301
1955984430 -0.00376421
2924471996 -0.0388222
3227208719 0.00285935
1563778072 -0.0112753
2923099083 -0.00074872
1668202269 -0.0153634
3113006428 -0.0153634
2633191638 -0.0134234
3876134116 -0.0106573
3676840785 -0.00547651
3143350086 -0.000284532
1402554340 -0.0131531
1957257775 -0.00316416
3784310625 -0.0890955
3413310241 -0.0193792
236369400 -0.00364176
2739197308 -0.00656709
784611069 -0.0045942
4167359922 -0.0104305
1638609704 -0.0246179
2992361098 -0.0897141
503523818 -0.153731
2131827147 -0.0171668
1552103602 -0.153731
331219308 -0.153731
362647885 -0.0714994
3889918511 -0.0131531
3201352653 -0.00515701
1157734194 -0.153731
2099288197 -0.00578589
3307149330 -0.00530059
3754452299 -0.153731
3416930943 -0.00178036
3340792401 -0.00383737
867396152 -0.0125637
484309559 -0.0104305
2588037217 -0.00578589
1080665860 -0.0219779
242579288 -0.0134234
609342700 -0.00434832
2913616310 -0.00991953
4112518923 -0.153731
2949164478 -0.0131531
76750958 -0.00228519
1759058572 -0.00228519
1502963371 -0.0125637
1643589477 -0.0138866
1688910903 -0.0246542
3984727704 -0.00383737
3155893353 0.0011105
4049155636 -0.015945
2169194919 -0.153731
340020233 -0.00376421
240321797 -0.0131531
33450972 -0.00249878
1068486945 -0.153731
4258525089 -0.153731
2372549128 -0.00686563
3514939599 -0.00515701
1560336220 -0.0144489
3962483774 -0.00830911
2728127955 -0.0171668
4077923174 -0.0878456
1331964967 -0.153731
989097633 -0.120129
4150456259 -0.0263092
687381725 -0.0104225
3997492553 -0.0125637
2342242945 -0.00157928
2159361327 -0.0112753
3650476081 -0.0246542
3992833684 -0.00924093
3387954407 -0.0045942
3998083561 -0.000284532
649420955 -0.00530059
4153900588 -0.00515701
2192770400 -0.0897141
2037897888 -0.00759946
3408801716 -0.00639519
2809633026 0.0011105
570932490 -0.00578589
814323586 -0.00889932
1032703249 -0.00249878
2459566987 -0.00383737
2668910186 -0.00759946
303606737 -0.000129163
2722766595 -0.0248245
3103721368 -0.00551245
1944161631 -0.00971736
1853351806 -0.00515701
4160373385 -0.0171668
1417015101 -0.00377112
4284594406 -0.0219779
3210259165 -0.00145321
144944517 -0.0457301
2919182003 -0.00248038
2808859044 -0.0897141
408795628 -0.0134234
24766274 -0.0132
1855717160 -0.0112753
2353789938 -0.0132
813781066 -0.0132
2023937645 -0.0315973
3196305184 -0.0045942
1227902734 -0.00971736
2655866658 -0.00551245
4097946403 -0.00686563
4068714951 -0.0519387
3512686521 -0.00173704
2996734433 -0.0175513
3454216039 -0.0193792
3010975974 -0.00578589
2282412694 -0.0388222
1412340566 -0.00231219
4157794503 -0.00173704
3576510868 -0.0344814
2467071049 -0.153731
4100164576 0.00397068
3615457753 -0.00639519
409439540 -0.0639736
1042673590 -0.0344814
3573108544 0.0011105
75549082 -0.00991953
3028467478 -0.00239396
4205517319 -0.0344814
3175070855 -0.0639736
1720049421 0.00144646
1025604564 -2.8653e-05
3244275741 -0.00364176
2934824804 -0.153731
2248299025 -0.00167514
3179128925 -0.00645573
394783903 -0.00239396
2621622536 -0.153731
2730127352 -0.0897141
4072383076 -0.0658227
1106053494 -0.0219779
3256501030 -0.0144489
3473645296 -0.00639519
3828226200 -0.0890955
1167497649 -2.8653e-05
4093622152 -0.00530059
450879470 0.00285935
4167620350 -0.00759946
789587149 -0.015945
3578303371 -0.0519387
187665100 -0.0045942
3284042598 -0.00353455
694678698 -0.00320253
1610117894 -0.000294274
3295815498 -0.0136351
328194109 -0.00735159
1214918195 -0.100812
4258915161 -0.000129163
722686710 -0.00434832
3507834445 -0.0246542
2009499608 -0.0134234
755151769 -0.0031926
4073368448 0.00285935
854720261 -0.00434832
1659218527 -0.0193792
3524065126 -0.153731
4085699543 -0.00595658
309476610 -0.00991953
609703868 -0.00883696
3904323026 -0.00579328
78039833 -0.0219779
2722132332 -0.0393351
3040627814 -0.0031926
2999644973 -0.015945
2213670597 -2.8653e-05
1214198145 -0.00578589
862088666 -0.0897141
3513799629 -0.0104305
1668394961 -0.100812
1430112322 -0.153731
722599523 -0.0028028
2843824084 -0.000294274
246159599 0.00593591
3468144064 -0.0388222
2496582483 -0.00316416
1208828684 -0.00995029
511244140 -0.00392305
2126135767 -0.00167514
2127797818 -0.00624847
1747869855 -0.0138866
3824128002 -0.00659386
3077701824 -0.000129163
992372818 -0.00452108
1890888466 -0.00257715
3661966879 -0.0153634
2125847845 -0.00452108
1083394991 -0.0519387
1728049363 -0.0125637
2669474086 -0.00248038
2778546339 -0.00157928
3040060696 -0.00434832
943524439 -0.00248038
3241095964 -0.00392305
3756591986 -0.000294274
677201290 -0.00971736
3153662117 -0.00144736
3162095595 0.00117233
2203438724 -0.0878456
3422913332 -0.0134234
2870066588 0.0011105
2813716466 -0.00249878
1955002940 -0.00995029
652877872 -0.00364176
1614564814 -0.0890955
2247380215 -0.0104305
2037212670 -0.00383737
941971035 0.00117233
340283560 -0.0283537
2320719623 0.00397068
53654230 -0.00173704
1800304628 -0.013948
3540489244 0.00144646
2026563337 0.00397068
535941527 -0.00686563
1023510474 -0.0315973
4214050840 0.00397068
1141674736 -0.000294274
1696892145 -0.00759946
2603231137 -0.00304692
777599666 -0.00759946
3140841674 0.00144646
3499659669 0.00397068
346332184 -0.00328688
1507441971 -0.00388815
960766302 -0.00157928
3450350195 -0.000129163
2824890499 -0.153731
2822609060 -0.00376421
261504711 -0.0193792
391600216 -0.00991953
630890747 -0.0519387
3178482882 -0.00551245
3454942386 -0.153731
3390545656 -0.00228519
506765730 -0.00971736
4013197400 0.00663718
198393422 -0.00686563
2589233783 -0.0388222
967194564 -0.000129163
2369629527 -0.0639736
642521268 -0.0132
138957387 -0.0031926
3124735508 -0.0136351
4250451206 -8.55723e-05
2257091313 -0.0246542
3768420552 -0.0639736
168721373 -0.100812
2659434454 -0.00157928
721618146 -0.00074872
3490111306 -0.015945
1390021017 -0.00249878
2103863861 -2.8653e-05
2012617064 -0.0344814
949498507 -2.8653e-05
2965166580 -0.0878456
3739798340 -0.000420608
916791228 -0.0315973
