2348409359 -0.0112636
2633191638 -0.0117955
2843824084 -0.00357803
3340113727 -0.00103591
3615457753 -0.000235007
3586533348 -0.00103591
31130388 0.000723512
2569680726 -0.00373209
4073368448 0.00258718
1692767744 -0.0936512
3468144064 -0.0471818
4181232444 -0.0590358
1088945299 -0.0140689
417937679 0.0023426
726748024 -0.00457876
1023510474 -0.0340081
816205235 -0.0140689
75549082 -0.00600461
3928550205 -0.019325
2001570321 -0.00497066
648299962 -0.0130061
2247380215 -0.0122329
2076461858 0.000723512
3159882689 -0.0233417
4214050840 0.00358665
847094226 -0.0134327
788013522 -0.00302748
2368328509 -0.00178331
3512686521 -0.00448583
1342157981 -0.0140689
2026563337 0.00358665
40996090 -0.0246606
3227208719 0.00258718
1193443314 -0.00558197
2597147609 -0.00155555
2669474086 -0.00182149
409439540 -0.0712528
1668202269 -0.0233417
2208327497 -0.014622
3402335971 -0.00417869
952898568 -0.00196338
2999558953 -0.153923
642521268 -0.0140074
103118721 -0.00209183
1759058572 -0.00209183
3140841674 0.000658501
3014335135 -0.00340803
403868960 -0.00364494
240321797 -0.010421
2511575324 -0.0936512
1042673590 -0.00222028
4145317105 -0.00209183
1331964967 -0.153923
484309559 -0.0122329
2037897888 -0.00358534
687381725 -0.00798893
1855717160 -0.00416265
3828226200 -0.0936512
450879470 0.00258718
503113475 0.00258718
3269753752 -0.0263625
540093018 -0.00377995
1167497649 -0.00310176
916791228 -0.0340081
1890888466 -0.00524915
3992833684 -0.0150409
3605202573 -0.00118953
2808859044 -0.093085
3119150608 -0.000235007
2999644973 -0.014622
4085699543 -0.00962256
2353789938 -0.0140074
755151769 -0.00373209
1106053494 -0.0191144
3347912765 -0.00302748
198393422 -0.0103887
3876134116 -0.0155997
2655866658 -0.00457876
3103721368 -0.00457876
1696892145 -0.00358534
1944161631 -0.00768001
777599666 -0.00358534
503523818 -0.153923
3284042598 -0.00783719
2668910186 -0.00358534
1840549049 -0.00841306
362647885 -0.0796949
331219308 -0.153923
4072636110 -0.00841306
2636560243 -0.011072
2342242945 -0.00683886
3192530948 -0.000405127
694678698 -0.00266982
2125847845 -0.00322419
3153662117 -0.00481593
2865221492 -0.00178331
3413310241 -0.0246606
1816786186 -0.0140689
2216935762 -0.00448583
1214198145 -0.00331223
594719562 -0.00357803
2169194919 -0.153923
340020233 -0.0016835
1879909838 -0.0191144
2934824804 -0.153923
4112518923 -0.153923
600785841 -0.0134327
1019609506 -0.011115
2201423994 -0.0130061
3889918511 -0.010421
1853351806 -0.00696711
414185897 -0.0117102
2864731008 0.000723512
168721373 -0.0999426
236369400 -0.00964685
3068065464 -0.00178167
2051163565 -0.0130061
1214918195 -0.0999426
3976027647 -0.00308836
3507834445 -0.0263625
3962483774 -0.0087022
1560336220 -0.0134327
1502963371 -0.0117102
1461071546 -0.0112636
3904323026 -0.00884962
394783903 -0.00155555
2621622536 -0.153923
3622032981 -0.0148751
348965350 -0.0859055
1659218527 -0.0246606
346332184 -0.0034616
535941527 -0.0103887
2127797818 -0.00791366
1886085176 -0.00302748
2722132332 -0.0396085
78039833 -0.0191144
1886972492 -0.0332346
1139488070 -0.0402939
3220415338 -0.000306635
3573108544 0.0023426
408795628 -0.0117955
1685386623 -0.00118953
813781066 -0.0140074
1227902734 -0.00768001
1955002940 -0.011072
24766274 -0.0140074
3473645296 -0.000235007
3340792401 -0.00228156
867396152 -0.0117102
2588037217 -0.00331223
406984589 -0.0112636
2183104177 -0.00118953
4072383076 -0.072687
2429821563 -0.153923
3997492553 -0.0117102
2372549128 -0.0103887
649420955 -0.00444441
1994507682 -0.153923
3162095595 0.000723512
4100164576 0.00358665
562900972 -0.0233417
2924471996 -0.0471818
1080665860 -0.0191144
814323586 -0.00772204
2626831277 -0.011115
2965166580 -0.0870117
3513799629 -0.0122329
3484842215 -0.153923
2722766595 -0.0356478
3784310625 -0.0936512
328194109 -0.00601429
1412340566 -0.00596092
1068486945 -0.153923
4077923174 -0.0870117
3754452299 -0.153923
2467071049 -0.153923
4205517319 -0.00222028
2992361098 -0.093085
587092444 -0.00182149
2272255135 -0.011072
609342700 -0.00454033
1379313878 -0.011072
862088666 -0.093085
4153900588 -0.00696711
4068714951 -0.0590358
3501619897 -0.0122329
3201352653 -0.00696711
3327645142 -0.00118953
3113006428 -0.0233417
3808351211 -0.0340081
1297152772 -0.00178331
1649915976 -0.00326592
4210192640 -0.00322419
570932490 -0.00331223
3241095964 -0.0112636
943524439 -0.00182149
144944517 -0.0490393
3295815498 -0.0130061
854720261 -0.00454033
3661966879 -0.0233417
1624232979 -0.00118953
3650476081 -0.0263625
4097946403 -0.0103887
630890747 -0.0590358
888806534 0.000658501
3744595344 -0.00408401
60608086 -0.00964685
1563778072 -0.00416265
4049155636 -0.014622
3244275741 -0.00964685
2099288197 -0.00331223
3419577079 -0.011115
989097633 -0.116025
1157734194 -0.153923
3150064701 -0.00364494
3183445406 -0.00364494
3416930943 -0.00135693
1956232018 -0.019325
3676840785 -0.0105117
220906968 -0.00416265
3957647522 -0.019325
960766302 -0.00683886
1830739977 -0.00416265
2192770400 -0.093085
2798145565 -0.00155555
242579288 -0.0117955
246159599 0.00342067
2747169221 -0.00178331
340283560 -0.0327654
4160373385 -0.0163135
2832312000 -0.093085
2037212670 -0.00228156
1025604564 -0.00310176
3679368291 -0.00523023
609703868 -0.0142458
2949164478 -0.010421
3611081134 -0.0016835
1162815543 -0.00364494
3847416722 -0.00364494
4167359922 -0.0122329
3408801716 -0.000235007
1430112322 -0.153923
2778546339 -0.00683886
3077625518 -0.0340081
4167620350 -0.00358534
789587149 -0.014622
1208828684 -0.011072
4150456259 -0.0277233
2739982436 -0.000879226
53654230 -0.00448583
309476610 -0.00600461
3010975974 -0.00331223
2919392317 -0.00103591
1957257775 -0.00103591
4093622152 -0.00444441
3307149330 -0.00444441
3040627814 -0.00373209
2578480025 -0.00178331
4137844462 -0.00457876
3422913332 -0.0117955
3499659669 0.00358665
3514939599 -0.00696711
2739197308 -0.00820454
2730127352 -0.093085
4218091012 -0.0103887
1638609704 -0.022574
4157794503 -0.00448583
3576510868 -0.00222028
3984727704 -0.00228156
2459566987 -0.00228156
1955984430 -0.0016835
1348676663 -0.00473907
1402554340 -0.010421
3040060696 -0.00454033
511244140 -0.0112636
4258525089 -0.153923
992372818 -0.00322419
2320719623 0.00358665
2398087802 -0.00209327
722599523 -0.00223112
2641233962 -0.00222028
2012617064 -0.00222028
2589233783 -0.0471818
3454216039 -0.0246606
2996734433 -0.019325
3824128002 -0.00841306
1747869855 -0.011115
1083394991 -0.0590358
2123068591 -0.00322419
76750958 -0.00209183
2728127955 -0.0163135
3175070855 -0.0712528
1552103602 -0.153923
1358373431 -0.000448217
2213670597 -0.00310176
2159361327 -0.00416265
2913616310 -0.00600461
2282412694 -0.0471818
261504711 -0.0246606
2809633026 0.0023426
3490111306 -0.014622
350495454 -0.000448217
3651098565 -0.000448217
3256501030 -0.0134327
2870066588 0.0023426
3155893353 0.0023426
3756591986 -0.00357803
677201290 -0.00768001
4259269111 -0.00841306
722686710 -0.00454033
2257091313 -0.0263625
4013197400 0.00304481
506765730 -0.00768001
3179128925 -0.00192679
1141674736 -0.00357803
2203438724 -0.0870117
2822609060 -0.0016835
3578303371 -0.0590358
3390545656 -0.00209183
2919182003 -0.00182149
664194804 -0.0712528
2659434454 -0.00683886
2103863861 -0.00310176
949498507 -0.00310176
3124735508 -0.0130061
138957387 -0.00373209
2009499608 -0.0117955
2824890499 -0.153923
837496238 -0.000448217
1599691429 -0.000235007
2496582483 -0.00103591
3524065126 -0.153923
4284594406 -0.0191144
4250451206 -0.000602993
3223614919 -0.00373209
1688910903 -0.0263625
391600216 -0.00600461
1614564814 -0.0936512
1668394961 -0.0999426
2603231137 -0.00279415
1460362125 -0.0315919
3178482882 -0.00457876
3454942386 -0.153923
941971035 0.000723512
3028467478 -0.00155555
1460428146 -0.019325
2131827147 -0.0163135
652877872 -0.00964685
1720049421 0.000658501
2023937645 -0.0340081
1794856285 -0.00182149
3540489244 0.000658501
2353315960 -0.0140074
1643589477 -0.011115
3768420552 -0.0712528
1317514601 -0.00302748
1728049363 -0.0117102
1800304628 -0.0142376
2369629527 -0.0712528
1610117894 -0.00357803
