3159882689 -0.0247411
2633191638 -0.0163055
1080665860 -0.0187556
1088945299 -0.0154118
4250451206 -0.000891592
2123068591 -0.00774771
1842653347 -0.00237662
2843824084 -0.00307576
3586533348 -0.00389839
3014335135 -0.000893807
1331964967 -0.152334
3077625518 -0.0319417
960766302 -0.00678731
888806534 0.000672961
3269753752 -0.016672
350495454 -0.00176612
1728049363 -0.0105015
1692767744 -0.0940625
2051163565 -0.0134637
3201352653 -0.00407358
3175070855 -0.0661959
1141674736 -0.00307576
3402335971 -0.00281424
1654574500 -0.00237662
3501619897 -0.0132011
414185897 -0.0105015
1139488070 -0.0412187
40996090 -0.0212389
1886972492 -0.0396203
348965350 -0.0843228
1019609506 -0.0135613
3340113727 -0.00389839
1649915976 -0.00239445
2099288197 -0.00274328
1214198145 -0.00274328
503523818 -0.152334
3113006428 -0.0247411
1042673590 -0.00658202
2012617064 -0.00658202
2272255135 -0.00732833
1208828684 -0.00732833
2636560243 -0.00732833
1955002940 -0.00732833
2459566987 -0.00182972
784611069 -0.000564061
3419577079 -0.0135613
649420955 -0.00486316
2247380215 -0.0132011
3040060696 -0.00347687
3155893353 0.00240878
2949164478 -0.00809082
4100164576 0.00380778
1430112322 -0.152334
3512686521 -0.00495198
648299962 -0.0134637
2353789938 -0.011928
687381725 -0.00836062
2722132332 -0.0432424
78039833 -0.0187556
198393422 -0.0109949
2304583381 -0.00020277
2201423994 -0.0134637
4258915161 -0.00305696
3390545656 -0.00181598
3124735508 -0.0134637
1879909838 -0.0187556
3295815498 -0.0134637
2372549128 -0.0109949
31130388 0.00291228
2808859044 -0.0887987
600785841 -0.0144887
3605202573 -0.000156114
1688910903 -0.016672
240321797 -0.00809082
916791228 -0.0319417
941971035 0.00291228
1402554340 -0.00809082
594719562 -0.00307576
1957257775 -0.00389839
1502963371 -0.0105015
3223614919 -0.00452738
1668202269 -0.0247411
3768420552 -0.0661959
970134648 -0.00020277
2348409359 -0.00907576
1227902734 -0.00874349
2076461858 0.00291228
816205235 -0.0154118
3889918511 -0.00809082
2626831277 -0.0135613
3284042598 -0.00911782
1816786186 -0.0154118
3179128925 -0.000900478
1379313878 -0.00732833
1083394991 -0.0542628
3622032981 -0.0160799
1944161631 -0.00874349
777599666 -0.00491904
3992833684 -0.0120096
1218297374 -0.00020277
1890888466 -0.000989505
76750958 -0.00181598
3535580163 -0.000279771
3103721368 -0.0058139
4181232444 -0.0542628
722686710 -0.00347687
3416930943 -0.0050267
4137844462 -0.0058139
2813716466 -0.00243105
4093622152 -0.00486316
3413310241 -0.0212389
664194804 -0.0661959
3997492553 -0.0105015
3162095595 0.00291228
75549082 -0.0053203
2655866658 -0.0058139
4210192640 -0.00774771
2934824804 -0.152334
803429811 -0.00020277
4160373385 -0.0187846
506765730 -0.00874349
814323586 -0.00693015
570932490 -0.00274328
3227208719 0.00460109
1560336220 -0.0144887
2208327497 -0.0152488
2192770400 -0.0887987
4283789456 -0.000294593
2992361098 -0.0887987
1342157981 -0.0154118
3307149330 -0.00486316
2924471996 -0.036576
562900972 -0.0247411
2429821563 -0.152334
2621622536 -0.152334
3957647522 -0.0207314
261504711 -0.0212389
3828226200 -0.0940625
3976027647 -0.000525815
4097946403 -0.0109949
1552103602 -0.152334
362647885 -0.0702472
331219308 -0.152334
2317159977 -0.000279771
989097633 -0.116626
1157734194 -0.152334
3507834445 -0.016672
1214918195 -0.0990939
1624232979 -0.000156114
3661966879 -0.0247411
2037897888 -0.00491904
1994507682 -0.152334
2668910186 -0.00491904
303606737 -0.00305696
2127797818 -0.0103748
694678698 -0.00407895
2443955494 -0.00237662
2999558953 -0.152334
346332184 -0.0037625
3347912765 -0.0040051
4072383076 -0.0685385
511244140 -0.00907576
2282412694 -0.036576
3454942386 -0.152334
484309559 -0.0132011
4112518923 -0.152334
3578303371 -0.0542628
3824128002 -0.00544679
1747869855 -0.0135613
4246553706 -0.000294593
409439540 -0.0661959
3490111306 -0.0152488
540093018 -0.00556984
1068486945 -0.152334
664742279 -0.000294593
992372818 -0.00774771
2369629527 -0.0661959
103118721 -0.00181598
3928550205 -0.0207314
1979319602 -0.00020277
3484842215 -0.152334
3576510868 -0.00658202
4157794503 -0.00495198
2467071049 -0.152334
3077701824 -0.00305696
3876134116 -0.0147933
4145317105 -0.00181598
236369400 -0.00664903
60608086 -0.00664903
2603231137 -0.00245781
4049155636 -0.0152488
3676840785 -0.0117238
3244275741 -0.00664903
2342242945 -0.00678731
2569680726 -0.00452738
408795628 -0.0163055
3513799629 -0.0132011
242579288 -0.0163055
1460362125 -0.0322641
24766274 -0.011928
309476610 -0.0053203
53654230 -0.00495198
3178482882 -0.0058139
4150456259 -0.0183543
3094506940 -0.000279771
630890747 -0.0542628
1956232018 -0.0207314
2728127955 -0.0187846
3651098565 -0.00176612
837496238 -0.00176612
4167359922 -0.0132011
2641233962 -0.00658202
3784310625 -0.0940625
1009526621 -0.00237662
33450972 -0.00243105
3650476081 -0.016672
2589233783 -0.036576
967194564 -0.00305696
2023937645 -0.0319417
3196305184 -0.000564061
3256501030 -0.0144887
1685386623 -0.000156114
813781066 -0.011928
1886085176 -0.0040051
3540489244 0.000672961
3290022460 -0.000279771
2778546339 -0.00678731
3984727704 -0.00182972
4072636110 -0.00544679
1840549049 -0.00544679
4205517319 -0.00658202
3068065464 -0.00246857
328194109 -0.00702697
1412340566 -0.00569507
2722766595 -0.0315378
168721373 -0.0990939
2864731008 0.00291228
3327645142 -0.000156114
2125847845 -0.00774771
726748024 -0.0058139
2739197308 -0.00580806
2511575324 -0.0940625
2730127352 -0.0887987
4218091012 -0.0109949
1759058572 -0.00181598
1106053494 -0.0187556
3756591986 -0.00307576
677201290 -0.00874349
3754452299 -0.152334
138957387 -0.00452738
3140841674 0.000672961
2026563337 0.00380778
3241095964 -0.00907576
3454216039 -0.0212389
2996734433 -0.0207314
3010975974 -0.00274328
3468144064 -0.036576
1853351806 -0.00407358
1461071546 -0.00907576
1800304628 -0.0129928
4085699543 -0.00779476
2597147609 -0.00110806
1390021017 -0.00243105
3904323026 -0.00783408
3514939599 -0.00407358
1638609704 -0.0202214
3040627814 -0.00452738
2999644973 -0.0152488
3573108544 0.00240878
862088666 -0.0887987
2870066588 0.00240878
3340792401 -0.00182972
867396152 -0.0105015
1358373431 -0.00176612
3387954407 -0.000564061
2824890499 -0.152334
2320719623 0.00380778
755151769 -0.00452738
4073368448 0.00460109
503113475 0.00460109
450879470 0.00460109
3153662117 -0.00485576
609342700 -0.00347687
1659218527 -0.0212389
2809633026 0.00240878
417937679 0.00240878
4068714951 -0.0542628
4153900588 -0.00407358
2919392317 -0.00389839
2009499608 -0.0163055
2845530433 -0.000294593
4167620350 -0.00491904
789587149 -0.0152488
2832312000 -0.0887987
2913616310 -0.0053203
406984589 -0.00907576
2183104177 -0.000156114
1720049421 0.000672961
2037212670 -0.00182972
609703868 -0.0155591
854720261 -0.00347687
2216935762 -0.00495198
652877872 -0.00664903
4214050840 0.00380778
3422913332 -0.0163055
1348676663 -0.00573219
2588037217 -0.00274328
2353315960 -0.011928
1668394961 -0.0990939
2169194919 -0.152334
3808351211 -0.0319417
3499659669 0.00380778
3679368291 -0.00711871
1696892145 -0.00491904
2922694512 -0.00095676
1317514601 -0.0040051
642521268 -0.011928
2496582483 -0.00389839
788013522 -0.0040051
1032703249 -0.00243105
2659434454 -0.00678731
3962483774 -0.00618829
391600216 -0.0053203
2131827147 -0.0187846
187665100 -0.000564061
3598751235 -0.000294593
1643589477 -0.0135613
394783903 -0.00110806
4258525089 -0.152334
4013197400 0.00272587
4077923174 -0.0849376
144944517 -0.0471036
1023510474 -0.0319417
3028467478 -0.00110806
535941527 -0.0109949
2965166580 -0.0849376
2203438724 -0.0849376
340283560 -0.0299951
4259269111 -0.00544679
4284594406 -0.0187556
847094226 -0.0144887
246159599 0.00591576
3524065126 -0.152334
3450350195 -0.00305696
1460428146 -0.0207314
2798145565 -0.00110806
1614564814 -0.0940625
1610117894 -0.00307576
2257091313 -0.016672
