1080665860 -0.0173672
4013197400 0.00270419
1358373431 -0.0034782
2865221492 -1.97302e-06
1412340566 -0.00170077
3175070855 -0.0661742
3340113727 -0.00102865
1649915976 -0.00266778
3227208719 0.00514228
609342700 -0.00324022
3586533348 -0.00102865
3159882689 -0.0219578
1214198145 -0.00226416
503523818 -0.149563
2257091313 -0.0217503
1461071546 -0.00368752
2429821563 -0.149563
648299962 -0.0135658
4097946403 -0.0119396
3103721368 -0.00157861
3622032981 -0.0169233
1759058572 -0.00260956
138957387 -0.00481853
4284594406 -0.0173672
2636560243 -0.0132696
4137844462 -0.00157861
664194804 -0.0661742
3484842215 -0.149563
3889918511 -0.00657063
2201423994 -0.0135658
888806534 0.00101175
406984589 -0.00368752
2949164478 -0.00657063
4072383076 -0.0688796
649420955 -0.00547753
1994507682 -0.149563
3223614919 -0.00481853
609703868 -0.00915355
198393422 -0.0119396
652877872 -0.00493409
562900972 -0.0219578
60608086 -0.00493409
76750958 -0.00260956
33450972 -0.00120579
1348676663 -0.0052847
109331286 -0.00197762
3611081134 -0.000206177
3269753752 -0.0217503
1106053494 -0.0173672
240321797 -0.00657063
1840549049 -0.00406317
3014335135 -0.000904394
391600216 -0.0108044
3501619897 -0.0104209
24766274 -0.00943726
3876134116 -0.0116115
2208327497 -0.0154238
1944161631 -0.00759294
4250451206 -0.00132624
2633191638 -0.0169972
3422913332 -0.0169972
2398087802 -0.0030034
2922694512 -0.00799553
2569680726 -0.00481853
3155893353 0.00252456
687381725 -0.0110298
2127797818 -0.00687362
3957647522 -0.0175967
3390545656 -0.00260956
3928550205 -0.0175967
144944517 -0.040133
3828226200 -0.0926627
2076461858 0.00155045
816205235 -0.0111761
2001570321 -0.00416295
2999644973 -0.0154238
777599666 -0.00279238
4167359922 -0.0104209
340020233 -0.000206177
3540380836 -0.000581123
2368328509 -1.97302e-06
3512686521 -0.0048812
570932490 -0.00226416
914762176 -0.000581123
1668202269 -0.0219578
3808351211 -0.0302531
3468144064 -0.0407834
2626831277 -0.0164609
1379313878 -0.0132696
1032703249 -0.00120579
1614564814 -0.0926627
3824128002 -0.00406317
1747869855 -0.0164609
1886972492 -0.0437923
1139488070 -0.0404344
2125847845 -0.00403388
694678698 -0.00732389
1032864094 -0.000581123
1842653347 -0.000547929
1019609506 -0.0164609
4160373385 -0.0111161
3307149330 -0.00547753
2722132332 -0.0402049
78039833 -0.0173672
350495454 -0.0034782
2924471996 -0.0407834
3153662117 -0.00609836
1193443314 -0.000818772
408795628 -0.0169972
1297152772 -1.97302e-06
2843824084 -0.000594118
242579288 -0.0169972
315089625 -0.00133234
103118721 -0.00260956
4181232444 -0.0557598
2051163565 -0.0135658
4150456259 -0.0190792
989097633 -0.11484
813781066 -0.00943726
2999558953 -0.149563
2864731008 0.00155045
168721373 -0.0973745
2578480025 -1.97302e-06
409439540 -0.0661742
4112518923 -0.149563
2353315960 -0.00943726
1068486945 -0.149563
1430112322 -0.149563
3490111306 -0.0154238
3507834445 -0.0217503
2026563337 0.0039307
2131827147 -0.0111161
1502963371 -0.0121882
3904323026 -0.00849475
1890888466 -0.00409651
3754452299 -0.149563
1331964967 -0.149563
3650476081 -0.0217503
3992833684 -0.00846741
414185897 -0.0121882
3201352653 -0.0105736
4085699543 -0.00814111
2934824804 -0.149563
2992361098 -0.0891038
867396152 -0.0121882
3340792401 -0.00590233
3413310241 -0.0185908
960766302 -0.00307975
4068714951 -0.0557598
4153900588 -0.0105736
1879909838 -0.0173672
3295815498 -0.0135658
328194109 -0.00751287
916791228 -0.0302531
2372549128 -0.0119396
1083394991 -0.0557598
1088945299 -0.0111761
1853351806 -0.0105736
3997492553 -0.0121882
4157794503 -0.0048812
2467071049 -0.149563
2443955494 -0.000547929
3077625518 -0.0302531
1214918195 -0.0973745
2832312000 -0.0891038
2965166580 -0.0863454
3513799629 -0.0104209
2722766595 -0.0334052
75549082 -0.0108044
417937679 0.00252456
3578303371 -0.0557598
236369400 -0.00493409
3210259165 -0.00313807
862088666 -0.0891038
1692767744 -0.0926627
2739197308 -0.00735602
3162095595 0.00155045
4100164576 0.0039307
3661966879 -0.0219578
340283560 -0.0282601
2353789938 -0.00943726
2282412694 -0.0407834
992372818 -0.00403388
1983742981 -0.000641941
2348409359 -0.00368752
348965350 -0.0830204
1816786186 -0.0111761
1659218527 -0.0185908
1460362125 -0.03239
198136281 -0.000581123
1560336220 -0.0133801
941971035 0.00155045
2037897888 -0.00279238
2655866658 -0.00157861
31130388 0.00155045
3113006428 -0.0219578
1955984430 -0.000206177
1342157981 -0.0111761
587092444 -0.00612777
2478103383 -0.000641941
3784310625 -0.0926627
1009526621 -0.000547929
4109730349 -0.000641941
3040627814 -0.00481853
2459566987 -0.00590233
3524065126 -0.149563
2342242945 -0.00307975
4145317105 -0.00260956
1227902734 -0.00759294
331219308 -0.149563
362647885 -0.0682806
1654574500 -0.000547929
4072636110 -0.00406317
3284042598 -0.00810179
410146992 -0.00133234
2057483835 -0.00133234
2778546339 -0.00307975
4049155636 -0.0154238
4093622152 -0.00547753
246159599 0.00625982
3419577079 -0.0164609
3676840785 -0.00472404
309476610 -0.0108044
53654230 -0.0048812
1402554340 -0.00657063
3416930943 -0.00518989
484309559 -0.0104209
2621622536 -0.149563
1563778072 -0.00160365
503113475 0.00514228
540093018 -0.00190985
3540489244 0.00101175
3140841674 0.00101175
1720049421 0.00101175
2996734433 -0.0175967
3454216039 -0.0185908
642521268 -0.00943726
3241095964 -0.00368752
943524439 -0.00612777
789587149 -0.0154238
4167620350 -0.00279238
2668910186 -0.00279238
2808859044 -0.0891038
3068065464 -0.00178156
2099288197 -0.00226416
3202399242 -0.00086237
2913616310 -0.0108044
2919392317 -0.00102865
1957257775 -0.00102865
1955002940 -0.0132696
3010975974 -0.00226416
755151769 -0.00481853
4073368448 0.00514228
450879470 0.00514228
2870066588 0.00252456
594719562 -0.000594118
2159361327 -0.00160365
3651098565 -0.0034782
814323586 -0.0047848
2730127352 -0.0891038
2511575324 -0.0926627
4218091012 -0.0119396
4108817096 -0.000641941
3178482882 -0.00157861
2813716466 -0.00120579
4210192640 -0.00403388
854720261 -0.00324022
3040060696 -0.00324022
722686710 -0.00324022
2192770400 -0.0891038
3244275741 -0.00493409
1956232018 -0.0175967
2669474086 -0.00612777
726748024 -0.00157861
1830739977 -0.00160365
837496238 -0.0034782
2123068591 -0.00403388
2037212670 -0.00590233
2009499608 -0.0169972
2589233783 -0.0407834
2247380215 -0.0104209
3976027647 -0.00157619
1217591274 -0.000581123
3984727704 -0.00590233
1728049363 -0.0121882
1552103602 -0.149563
677201290 -0.00759294
3756591986 -0.000594118
1688910903 -0.0217503
2809633026 0.00252456
2728127955 -0.0111161
3514939599 -0.0105736
1638609704 -0.022985
1855717160 -0.00160365
630890747 -0.0557598
2272255135 -0.0132696
4214050840 0.0039307
3499659669 0.0039307
2320719623 0.0039307
220906968 -0.00160365
1023510474 -0.0302531
4258525089 -0.149563
4259269111 -0.00406317
1696892145 -0.00279238
40996090 -0.0185908
2203438724 -0.0863454
1643589477 -0.0164609
2822609060 -0.000206177
1208828684 -0.0132696
600785841 -0.0133801
2369629527 -0.0661742
2216935762 -0.0048812
3768420552 -0.0661742
3573108544 0.00252456
511244140 -0.00368752
3962483774 -0.00307531
1141674736 -0.000594118
2169194919 -0.149563
261504711 -0.0185908
2919182003 -0.00612777
1757208737 -0.00133234
2824890499 -0.149563
2747169221 -1.97302e-06
4077923174 -0.0863454
1460428146 -0.0175967
346332184 -0.0055263
3124735508 -0.0135658
1800304628 -0.0128709
3679368291 -0.0056921
847094226 -0.0133801
2023937645 -0.0302531
535941527 -0.0119396
1668394961 -0.0973745
506765730 -0.00759294
1157734194 -0.149563
2496582483 -0.00102865
1610117894 -0.000594118
2603231137 -0.0015896
2659434454 -0.00307975
2588037217 -0.00226416
1390021017 -0.00120579
1794856285 -0.00612777
3256501030 -0.0133801
3454942386 -0.149563
