3828946292 -0.00133705
2026563337 0.00392075
3586533348 -0.0017116
4100164576 0.00392075
2551097216 -0.000857884
3507834445 -0.0145464
3615457753 -0.00895167
2621622536 -0.157228
2076461858 0.00250076
3113006428 -0.0185129
3340113727 -0.0017116
4013197400 0.00466032
2216935762 -0.00112154
2569680726 -0.00584405
1214198145 -0.00572698
2051163565 -0.0158194
816205235 -0.0174626
3484842215 -0.157228
4210192640 -0.00469041
1461071546 -0.00894936
1643589477 -0.0143251
3269753752 -0.0145464
3159882689 -0.0185129
409439540 -0.0602244
916791228 -0.0305674
2208327497 -0.0178999
4258915161 -0.00246916
3828226200 -0.0902748
4214050840 0.00392075
3501619897 -0.0134442
1379313878 -0.00631599
2633191638 -0.013619
1816786186 -0.0174626
4072383076 -0.0618284
1944161631 -0.0108469
3573108544 0.00211263
4145317105 -0.00027136
4068714951 -0.0488366
340283560 -0.0294729
3490111306 -0.0178999
3103721368 -0.00763179
2201423994 -0.0158194
3611081134 -0.00268542
2750319301 -0.00123368
2272255135 -0.00631599
1208828684 -0.00631599
3162095595 0.00250076
2636560243 -0.00631599
1955002940 -0.00631599
777599666 -0.00558965
503523818 -0.157228
2588037217 -0.00572698
3413310241 -0.0189473
3376545127 -0.00133705
2808859044 -0.0926747
4093622152 -0.00443483
220906968 -0.00616565
484309559 -0.0134442
33450972 -0.000590993
75549082 -0.00979793
2398087802 -0.00257223
1668202269 -0.0185129
2778546339 -0.00325693
4160373385 -0.0162783
3402335971 -0.00565279
340020233 -0.00268542
3676840785 -0.00707145
350495454 -0.000614679
1879909838 -0.0169676
4137844462 -0.00763179
3984727704 -0.000352548
3179128925 -0.00135387
1053620299 -0.000568602
1106053494 -0.0169676
4284594406 -0.0169676
2702431645 -0.000857884
3512686521 -0.00112154
2337062318 -0.00133705
1460362125 -0.0287425
2320719623 0.00392075
417937679 0.00211263
657259804 -2.1561e-05
32896521 -2.1561e-05
3077701824 -0.00246916
31130388 0.00250076
2864731008 0.00250076
168721373 -0.101746
2655866658 -0.00763179
941971035 0.00250076
4252437569 -0.00166381
328194109 -0.00989997
1080665860 -0.0169676
3110804562 -0.00133705
960766302 -0.00325693
3153662117 -0.00226301
1088945299 -0.0174626
1083394991 -0.0488366
570932490 -0.00572698
2459566987 -0.000352548
4112518923 -0.157228
3661966879 -0.0185129
562900972 -0.0185129
1139488070 -0.0408672
1886972492 -0.0458758
3622032981 -0.0181658
1994507682 -0.157228
1563778072 -0.00616565
726748024 -0.00763179
1955984430 -0.00268542
2300344893 -2.1561e-05
1214918195 -0.101746
3473645296 -0.00895167
348965350 -0.0806375
609342700 -0.00273766
854720261 -0.00273766
652877872 -0.00478239
3584128014 -0.000487079
3784310625 -0.0902748
1402554340 -0.00942411
2813716466 -0.000590993
2832312000 -0.0926747
1342157981 -0.0174626
1544063726 -0.000568602
2919182003 -0.00402427
3889918511 -0.00942411
3271147692 -0.000568602
2012617064 -0.0548994
870977072 -0.000306763
3111807446 -0.000568602
2353789938 -0.0107437
24766274 -0.0107437
3574360300 -2.1561e-05
1956232018 -0.0168321
303606737 -0.00246916
1692767744 -0.0902748
587092444 -0.00402427
4049155636 -0.0178999
2949164478 -0.00942411
2131827147 -0.0162783
2999644973 -0.0178999
862088666 -0.0926747
1019609506 -0.0143251
1599691429 -0.00895167
1830739977 -0.00616565
2342242945 -0.00325693
1042673590 -0.0548994
3416930943 -0.00451346
3468144064 -0.0413913
331219308 -0.157228
362647885 -0.073774
242579288 -0.013619
3307149330 -0.00443483
2739197308 -0.00721856
2999558953 -0.157228
3408801716 -0.00895167
90455063 -0.000568602
989097633 -0.130902
3201352653 -0.00664935
3196305184 -0.00415128
2037897888 -0.00558965
3068065464 -0.000378817
3524065126 -0.157228
611520789 -0.00133705
3040060696 -0.00273766
992372818 -0.00469041
4085699543 -0.0101921
648299962 -0.0158194
3768420552 -0.0602244
2641233962 -0.0548994
694678698 -0.00488111
2730127352 -0.0926747
2511575324 -0.0902748
511244140 -0.00894936
40996090 -0.0189473
2728127955 -0.0162783
1560336220 -0.0189339
103118721 -0.00027136
2369629527 -0.0602244
4153900588 -0.00664935
3284042598 -0.00315435
198393422 -0.0159432
3333313749 -2.1561e-05
2348409359 -0.00894936
2965166580 -0.08839
1348676663 -0.00513584
784611069 -0.00415128
813781066 -0.0107437
3256501030 -0.0189339
3808351211 -0.0305674
408795628 -0.013619
1853351806 -0.00664935
609703868 -0.00791756
888806534 0.00200855
503113475 0.00177615
4218091012 -0.0159432
240321797 -0.00942411
1430112322 -0.157228
1068486945 -0.157228
2372549128 -0.0159432
309476610 -0.00979793
53654230 -0.00112154
2626831277 -0.0143251
187665100 -0.00415128
3824128002 -0.00835391
1747869855 -0.0143251
2824890499 -0.157228
1840549049 -0.00835391
4072636110 -0.00835391
60608086 -0.00478239
3244275741 -0.00478239
3957647522 -0.0168321
722686710 -0.00273766
506765730 -0.0108469
1502963371 -0.0117369
4073368448 0.00177615
755151769 -0.00584405
3997492553 -0.0117369
540093018 -0.00374706
3227208719 0.00177615
450879470 0.00177615
2440147330 -0.000306763
867396152 -0.0117369
3340792401 -0.000352548
3010975974 -0.00572698
2809633026 0.00211263
1659218527 -0.0189473
3454216039 -0.0189473
2996734433 -0.0168321
1605803999 -0.000705736
2282412694 -0.0413913
1300419333 -0.000306763
3976027647 -0.00857583
3650476081 -0.0145464
3013433801 -0.0018252
2099288197 -0.00572698
1227902734 -0.0108469
3876134116 -0.0132639
4167620350 -0.00558965
789587149 -0.0178999
236369400 -0.00478239
2169194919 -0.157228
2023937645 -0.0305674
2127797818 -0.0101736
4181232444 -0.0488366
2159361327 -0.00616565
1668394961 -0.101746
3241095964 -0.00894936
943524439 -0.00402427
1614564814 -0.0902748
814323586 -0.00607292
2722766595 -0.0290847
3754452299 -0.157228
4205517319 -0.0548994
2425890976 -0.000306763
967194564 -0.00246916
2589233783 -0.0413913
4077923174 -0.08839
3514939599 -0.00664935
32842310 -0.000306763
346332184 -0.00415781
3520458539 0.000648557
2037212670 -0.000352548
4097946403 -0.0159432
3979502784 -0.00149914
2922694512 -0.00680325
3040627814 -0.00584405
2934824804 -0.157228
664194804 -0.0602244
4150456259 -0.025581
649420955 -0.00443483
687381725 -0.0063375
414185897 -0.0117369
847094226 -0.0189339
677201290 -0.0108469
3419577079 -0.0143251
3119150608 -0.00895167
4250451206 -0.000780034
1728049363 -0.0117369
2924471996 -0.0413913
3651098565 -0.000614679
1358373431 -0.000614679
2870066588 0.00211263
3077625518 -0.0305674
2992361098 -0.0926747
1855717160 -0.00616565
144944517 -0.0442156
3450350195 -0.00246916
3904323026 -0.00505894
2669474086 -0.00402427
3155893353 0.00211263
3175070855 -0.0602244
3140841674 0.00200855
1720049421 0.00200855
1507441971 -0.00152006
3992833684 -0.00803967
2192770400 -0.0926747
406984589 -0.00894936
2913616310 -0.00979793
3422913332 -0.013619
1759058572 -0.00027136
2123068591 -0.00469041
3295815498 -0.0158194
1412340566 -0.00273139
4157794503 -0.00112154
3576510868 -0.0548994
2467071049 -0.157228
1638609704 -0.0103178
3178482882 -0.00763179
3998083561 -0.000857884
1696892145 -0.00558965
4167359922 -0.0134442
2919392317 -0.0017116
1957257775 -0.0017116
2429821563 -0.157228
3513799629 -0.0134442
3143350086 -0.000857884
1417015101 -0.005606
3124735508 -0.0158194
3387954407 -0.00415128
837496238 -0.000614679
1390021017 -0.000590993
138957387 -0.00584405
3223614919 -0.00584405
535941527 -0.0159432
642521268 -0.0107437
246159599 0.00520892
1649915976 -0.000868811
3578303371 -0.0488366
261504711 -0.0189473
600785841 -0.0189339
630890747 -0.0488366
3962483774 -0.00398884
1157734194 -0.157228
2659434454 -0.00325693
2125847845 -0.00469041
2203438724 -0.08839
3454942386 -0.157228
78039833 -0.0169676
2722132332 -0.0431725
2257091313 -0.0145464
1023510474 -0.0305674
2353315960 -0.0107437
1331964967 -0.157228
2009499608 -0.013619
3540489244 0.00200855
3390545656 -0.00027136
391600216 -0.00979793
1032703249 -0.000590993
722599523 -0.000205063
2496582483 -0.0017116
2668910186 -0.00558965
4259269111 -0.00835391
2603231137 -0.00414798
1688910903 -0.0145464
1552103602 -0.157228
76750958 -0.00027136
1800304628 -0.0142682
3499659669 0.00392075
2822609060 -0.00268542
2247380215 -0.0134442
1460428146 -0.0168321
3679368291 -0.00583885
3928550205 -0.0168321
4258525089 -0.157228
1794856285 -0.00402427
