2117133652 0.00201659
2843824084 -0.00647789
648299962 -0.00777477
3586533348 -0.00580541
3295815498 -0.00777477
889063411 -0.000203753
340020233 -0.00370786
2348409359 -0.0126812
1861922308 -0.00169243
2051163565 -0.00777477
816205235 -0.0140634
594719562 -0.00647789
331219308 -0.145577
362647885 -0.0750326
784611069 -0.0022495
40996090 -0.0236596
2088632688 -0.000715709
3269753752 -0.0232667
2192770400 -0.0760225
2216935762 -0.000490938
414185897 -0.005767
2826950496 -0.000429136
3175070855 -0.0586815
2511575324 -0.0457151
512291396 0.00288875
1088945299 -0.013405
3402335971 -0.00161225
1141674736 -0.00647789
2722766595 -0.0247122
3484842215 -0.145577
3357176065 -0.00144336
2247380215 -0.0199766
587092444 -0.00432096
1331964967 -0.145577
3159882689 -0.0257343
1903033895 0.00501315
2203438724 -0.0884854
2062360047 0.00154215
2444499152 0.00154215
3244898512 -0.00474411
19021307 0.00276243
2063159062 0.00276243
4056974372 0.00276243
2636560243 -0.0137651
4016869368 0.000132009
1927996183 0.00276243
4250451206 -0.00359669
4160373385 -0.0282042
2076461858 -0.0297119
2127797818 -0.00283638
2452040425 -0.00968596
2296836363 0.00154215
2320719623 0.00336392
2026563337 0.00336392
4214050840 0.00336392
4100164576 0.00336392
3227208719 0.00261948
3153662117 -0.001082
303606737 -0.000958384
3077701824 -0.000958384
3450350195 -0.000958384
3507834445 -0.0232667
240321797 -0.0208486
1019609506 -0.0248844
2201423994 -0.00777477
2172424991 0.00269666
109331286 -0.00153839
1139488070 -0.0393618
2745117408 -0.001291
948043381 -0.00948736
3889918511 -0.0208486
854720261 -0.00643756
3608141590 0.0029394
3124735508 -0.00777477
3578303371 -0.0505725
220906968 -0.00389297
1879909838 -0.0189579
3413310241 -0.0236596
4109730349 -0.00406691
1412340566 -0.00515353
1052807756 0.000172034
3347912765 -0.00246924
3035393457 0.00288875
1555760317 0.00201659
443901721 -0.00276348
263720880 0.00269666
3512686521 -0.000490938
3611081134 -0.00370786
348965350 -0.100106
3928550205 -0.00353903
1760925372 0.00267328
75549082 -0.00704562
3499659669 0.00336392
3408801716 -0.0073104
2001570321 -0.00235551
2934824804 -0.147165
3979502784 -0.00113854
570932490 -0.00724911
3284042598 -0.00022812
1227902734 -0.0162267
1944161631 -0.0162267
2949164478 -0.0208486
2099288197 -0.00724911
1745068966 0.00245028
2919182003 -0.00432096
4284594406 -0.0189579
1080665860 -0.0189579
814323586 -0.0035124
1379313878 -0.0173075
722686710 -0.00643756
1794856285 -0.00432096
2140002055 0.00269666
2702431645 -0.00130821
138957387 -0.0121083
941971035 -0.0258816
60313977 -0.00013221
3113006428 -0.0257343
3957647522 -0.00353903
1460362125 -0.0302502
1077440221 0.00288875
2369629527 -0.0586815
103118721 -0.00808371
2999644973 -0.0157907
3585529183 0.0020145
1956232018 -0.00462292
3419577079 -0.0248844
3808351211 -0.0363704
1668202269 -0.0257343
2626831277 -0.0248844
1502963371 -0.005767
1461071546 -0.0126812
3223614919 -0.0121083
3179128925 -0.003007
4148574017 0.00269666
506765730 -0.0162267
2641233962 -0.0410177
2253088079 0.00317792
4157794503 -0.000490938
1240962178 -0.00169243
2467071049 -0.145577
3576510868 -0.0410177
2792069182 -0.00199686
3524065126 -0.145577
1599691429 -0.0073104
1886972492 -0.0550016
3501619897 -0.020808
2655866658 -0.00605886
916791228 -0.0363704
328194109 -0.0028249
3473645296 -0.0073104
4210192640 -0.00422767
2722132332 -0.038691
78039833 -0.0189579
2166721244 0.00201659
1331601258 -0.00276348
450879470 0.00261948
1042673590 -0.0410177
319382142 0.00269666
622719734 0.00234645
1955984430 -0.00370786
1560336220 -0.0108768
31130388 -0.0297119
3701340724 0.00201659
3824128002 -0.0152582
1747869855 -0.0248844
3649921194 -0.000203753
535941527 -0.0109479
2832312000 -0.0760225
3784310625 -0.0457151
1342157981 -0.013405
609342700 -0.00643756
309476610 -0.00704562
53654230 -0.000490938
58812682 -0.000429136
989097633 -0.117794
4181232444 -0.0505725
3876134116 -0.0135581
2208327497 -0.0157907
1570304703 -0.00276348
4258915161 -0.000958384
3390545656 -0.00808371
2509749026 -0.00276348
4119293093 0.00245028
2169194919 -0.145577
354419800 -0.000138359
2864731008 -0.0297119
406984589 -0.0126812
3828226200 -0.0457151
3422913332 -0.0130817
2700839685 -0.000138359
1994507682 -0.147165
3998083561 -0.00130821
3513799629 -0.020808
1840549049 -0.0152582
3355381003 -0.00169243
503113475 0.00261948
2588037217 -0.00724911
1888289184 0.0020145
992372818 -0.00422767
4072636110 -0.0152582
4258525089 -0.145577
1816786186 -0.0140634
539499369 -0.00136857
649420955 -0.00796032
4021645677 0.00288875
503523818 -0.147165
2131827147 -0.0282485
2992361098 -0.0760225
1800304628 0.00183544
187665100 -0.00069957
148706869 -0.00276348
3468144064 -0.0447812
2125847845 -0.00422767
694678698 -0.00540699
1208828684 -0.0137651
484309559 -0.020808
2272255135 -0.0173075
1696892145 -0.011963
2522112700 0.00154215
2999558953 -0.147165
3416930943 -0.00110275
3650476081 -0.0232667
1402554340 -0.0208486
1957257775 -0.00580541
144944517 -0.0476149
3622032981 -0.0294869
2739197308 -0.00922956
2342242945 -0.0044231
2023937645 -0.0363704
1830739977 -0.00389297
3661966879 -0.0257343
1083394991 -0.0505725
4112518923 -0.145577
4072383076 -0.0604905
562900972 -0.0257343
3340113727 -0.00580541
777599666 -0.011963
867396152 -0.005767
242579288 -0.0130817
1855717160 -0.00389297
2159361327 -0.00389297
1358373431 -0.00800757
1540036778 -0.000162808
1692767744 -0.0457151
4112662811 -0.00276348
2037897888 -0.011963
3241095964 -0.0126812
943524439 -0.00432096
4049155636 -0.0157907
4073368448 0.00261948
755151769 -0.0121083
1299330628 -0.00269926
2901212020 -0.00136857
3077625518 -0.0363704
2778546339 -0.00353515
4145317105 -0.00808371
2728127955 -0.0282485
4167620350 -0.011963
789587149 -0.0157907
1688910903 -0.0232667
2569680726 -0.0121083
1435501105 0.00501315
3615457753 -0.0073104
409439540 -0.0586815
1330849822 -0.00136857
469987975 -0.00276348
2478103383 -0.00406691
2282412694 -0.045624
3454216039 -0.0236596
2996734433 -0.00462292
3010975974 -0.00724911
4248702073 -0.000203911
4137844462 -0.00605886
2813716466 -0.00378856
2633191638 -0.0130817
408795628 -0.0130817
3040627814 -0.0121083
3103721368 -0.00605886
4150456259 -0.0181441
3178482882 -0.00605886
726748024 -0.00605886
3387954407 -0.00069957
4259269111 -0.0152582
1824235477 0.00220502
1728049363 -0.005767
1861935915 0.00220502
3307149330 -0.00796032
3002809686 0.00353382
1176732547 0.00220502
2543876927 0.00267328
3986943453 0.000172034
2716081848 0.00362012
2730127352 -0.0760225
4218091012 -0.0109479
1779604912 0.00288875
3651098565 -0.00712339
837496238 -0.00800757
350495454 -0.00712339
2009499608 -0.0130817
1214918195 -0.104543
847094226 -0.0108768
2442771343 -0.00276348
3997492553 -0.005767
1106053494 -0.0189579
2919392317 -0.00580541
1874121111 0.00201659
1955002940 -0.0173075
3676840785 0.00126372
2544506031 0.000132009
1047455884 0.00362012
4085699543 -0.00725509
2668910186 -0.011963
3150214858 0.00154215
2808859044 -0.0745054
261504711 -0.0236596
600785841 -0.0108768
3992833684 -0.0124925
3256501030 -0.0108768
1979191721 -0.000715709
2060918390 -0.000203911
46006519 0.00501315
3756591986 -0.00647789
677201290 -0.0162267
33450972 -0.00378856
4077107740 -0.00276348
2118542586 -0.00276348
1670242698 -0.00276348
3573108544 0.00574472
174105210 -0.0039936
1443918813 -0.00136857
1109951310 0.0029394
1654574500 -0.00221165
540093018 -0.00153303
1563778072 -0.00389297
960766302 -0.00353515
2922694512 -0.00424668
4077923174 -0.0884854
1023510474 -0.0363704
4093622152 -0.00796032
1317514601 -0.00246924
4205517319 -0.0410177
1009526621 -0.00221165
2443955494 -0.00221165
2870066588 0.00574472
2123068591 -0.00422767
511244140 -0.0126812
2551097216 -0.00130821
3143350086 -0.00130821
2196617303 0.000132009
1508739052 0.000132009
76750958 -0.00808371
862088666 -0.0760225
1214198145 -0.00724911
1983742981 -0.00406691
3858054446 -0.000203911
4038283421 0.00362012
730654049 0.00362012
1476526988 0.000132009
1348676663 -0.0059805
1759058572 -0.00808371
687381725 -0.0113758
4167359922 -0.0199766
2913616310 -0.00704562
1638609704 -0.0202205
4247901618 -0.00276348
3196305184 -0.0022495
3040060696 -0.00643756
3014984883 -0.0145418
2669474086 -0.00432096
2621622536 -0.145577
2372549128 -0.0109479
630890747 -0.0505725
198393422 -0.0109479
2018492569 -0.00382014
1668394961 -0.104543
3068065464 -0.00242954
3568926454 0.00362012
2589233783 -0.045624
967194564 -0.000958384
168721373 -0.104543
2659434454 -0.0044231
1659218527 -0.0236596
3754452299 -0.145577
3768420552 -0.0586815
1842653347 -0.00221165
4166495700 -0.00144336
2809633026 0.00574472
417937679 0.00574472
3155893353 0.00574472
1610117894 -0.00647789
664194804 -0.0586815
3976027647 0.00572421
3162095595 -0.0258816
3962483774 -0.00442758
2429821563 -0.145577
1890888466 -0.00585189
1068486945 -0.147165
37162360 0.00501315
2824890499 -0.147165
2948551767 -0.00155782
1032703249 -0.00378856
1417015101 -0.0051512
2924471996 -0.0447812
4108817096 -0.00406691
3886388661 -0.00199686
1390021017 -0.00378856
2097525790 -0.00846533
1157734194 -0.147165
4068714951 -0.0505725
346332184 -0.00150802
2040498248 0.000210245
2267038766 -0.00276348
1614564814 -0.0457151
3490111306 -0.0157907
340283560 -0.0284858
2496582483 -0.00580541
2012617064 -0.0410177
1552103602 -0.147165
1886085176 -0.00246924
2822609060 -0.00370786
753318867 -0.00169243
2965166580 -0.0884854
3119150608 -0.0073104
2324321142 0.00276243
952575540 0.0029394
653471570 0.0029394
4097946403 -0.0109479
3454942386 -0.145577
1460428146 -0.00462292
3867689518 -0.00276348
1643589477 -0.0248844
2603231137 -0.00880226
391600216 -0.00704562
4013197400 0.0220207
2282566179 -0.000715709
333852013 -0.000715709
3587891937 0.00501315
1430112322 -0.147165
2257091313 -0.0232667
788013522 -0.00246924
