3680573031 -0.00305482
484309559 -0.0191486
3002809686 0.00358855
3269753752 -0.0241836
2208327497 -0.0159681
503523818 -0.147428
648299962 -0.01307
512291396 0.00316037
4021645677 0.00316037
4258915161 -0.00434117
1552103602 -0.147428
587092444 -0.00838418
3340113727 -0.00421073
1141674736 -0.00514187
2509749026 -0.0047588
3103721368 -0.00453704
3651098565 -0.00835602
2051163565 -0.01307
3175070855 -0.0589787
1956232018 -0.0114063
694678698 -0.00224247
2125847845 -0.00174207
350495454 -0.00835602
2843824084 -0.00514187
40996090 -0.0172771
3611081134 -0.00685088
3035393457 0.00316037
917813208 0.000986079
2809633026 0.00367971
3454216039 -0.0172771
3192530948 -0.000517585
3576510868 -0.0445245
1461071546 -0.00814762
1317514601 -0.00132326
2398087802 -0.00282814
952575540 0.00318523
3227208719 0.00398809
1052807756 0.000548396
2922694512 -0.00240665
2722766595 -0.0235413
2919182003 -0.00838418
362647885 -0.0626332
331219308 -0.144819
677201290 -0.0168301
3756591986 -0.00514187
2865221492 -0.000307029
1903033895 0.00527809
1890888466 -0.00224736
2342242945 -0.00267923
2641233962 -0.0445245
2452040425 -0.00632955
3876134116 -0.0110025
1745068966 0.00314986
46006519 0.00527809
4259269111 -0.0120027
403868960 -0.000933027
3014335135 -0.00259305
3276042364 -0.00224095
2899628589 -0.00260474
1888289184 0.00234592
3585529183 0.00234592
2798145565 0.000605299
2578480025 -0.000307029
443901721 -0.0047588
1855717160 -0.00114094
1331601258 -0.0047588
450879470 0.00398809
816205235 -0.0163525
2001570321 -0.000972091
3419577079 -0.029447
2626831277 -0.029447
3376545127 -0.00263593
2123068591 -0.00174207
3889918511 -0.0182594
2949164478 -0.0182594
1402554340 -0.0182594
2543876927 0.00313822
1176732547 0.00275234
1824235477 0.00275234
2442771343 -0.0047588
109331286 -0.00618129
4150456259 -0.0115127
3962483774 -0.0062187
1560336220 -0.0116735
240321797 -0.0182594
2924471996 -0.0453599
198393422 -0.00233898
2118542586 -0.0047588
3159882689 -0.0293069
3348860851 -0.000666883
60608086 -0.00228171
1794856285 -0.00838418
4250451206 -0.00254348
2633191638 -0.0178954
2372470977 -0.000857016
3124735508 -0.01307
3413310241 -0.0172771
417937679 0.00367971
2282566179 -0.0010014
3507834445 -0.0241836
3422913332 -0.0178954
2037897888 -0.0109091
3179128925 -0.000884149
2511575324 -0.037347
1879909838 -0.0186276
2201423994 -0.01307
4258525089 -0.144819
303606737 -0.00434117
4145317105 -0.00661663
3390545656 -0.00661663
1019609506 -0.029447
600785841 -0.0116735
4056974372 0.00176752
1214198145 -0.00862225
1417015101 -0.00438352
4160373385 -0.0277902
1759058572 -0.00661663
3010975974 -0.00862225
1123418009 -7.78859e-05
1314161884 -0.00224095
2140002055 0.00355142
3014984883 -0.0102297
367814234 -0.00403381
630890747 -0.0572246
3028467478 0.000605299
3768420552 -0.0589787
562900972 -0.0293069
3484842215 -0.144819
1299330628 -0.00139768
1342157981 -0.0156601
2621622536 -0.144819
2337062318 -0.00263593
1668202269 -0.0293069
3501619897 -0.0191486
4077923174 -0.0823363
2216935762 -0.00290888
814323586 -0.0088757
3608141590 0.00318523
340020233 -0.00685088
2169194919 -0.144819
3220415338 -0.0025741
2659434454 -0.00267923
2870066588 0.00367971
2669474086 -0.00838418
236369400 -0.00228171
1214918195 -0.100137
2778546339 -0.00127094
3828226200 -0.037347
4247901618 -0.0047588
2012617064 -0.0445245
2603231137 -0.00553372
2267038766 -0.0047588
540093018 -0.000634141
862088666 -0.0821247
2368328509 -0.000307029
3512686521 -0.00290888
1088945299 -0.0156601
1083394991 -0.0572246
4100164576 0.00350822
340283560 -0.0299229
2076461858 -0.022458
2655866658 -0.00453704
2597147609 0.000605299
1077440221 0.00316037
2256266646 -7.78859e-05
1957257775 -0.00421073
3858054446 -0.00501787
33450972 -0.00754174
520661538 -7.78859e-05
2934824804 -0.147428
1050213363 -0.00226869
2864731008 -0.022458
2992361098 -0.0821247
31130388 -0.022458
4284594406 -0.0186276
4049155636 -0.0159681
4210192640 -0.00174207
2588037217 -0.00862225
3077701824 -0.00434117
2739197308 -0.00990914
3285475889 -0.00226869
2999558953 -0.147428
4157794503 -0.00290888
2253088079 0.00217016
2467071049 -0.144819
348965350 -0.0982116
1610117894 -0.00514187
4112518923 -0.144819
2808859044 -0.0811929
1317444655 -0.000857016
1944161631 -0.0168301
3150064701 -0.000933027
2824890499 -0.147428
3022055318 -0.000864595
1570304703 -0.0047588
75549082 -0.00520367
1106053494 -0.0186276
1563778072 -0.00114094
2009499608 -0.0178954
3524065126 -0.144819
611520789 -0.00263593
4181232444 -0.0572246
2443955494 -0.00354732
4282959196 -0.00332447
1430112322 -0.147428
3824128002 -0.0120027
1747869855 -0.029447
1886972492 -0.0625425
1139488070 -0.0488494
1023510474 -0.0368161
1042673590 -0.0445245
3408801716 -0.00660806
3202399242 -0.0042924
1227902734 -0.0168301
2348409359 -0.00814762
2067078460 -0.00185153
2636560243 -0.00957413
1080665860 -0.0186276
570932490 -0.00862225
1032703249 -0.00754174
144944517 -0.0442145
2919392317 -0.00421073
3650476081 -0.0241836
3241095964 -0.00814762
943524439 -0.00838418
3357176065 -0.00434346
1435501105 0.00527809
3615457753 -0.00660806
409439540 -0.0589787
706689753 -0.00185153
3784310625 -0.037347
354419800 -0.00259416
2247380215 -0.0185364
4205517319 -0.0445245
53654230 -0.00290888
309476610 -0.00520367
1614564814 -0.037347
1994507682 -0.147428
1297152772 -0.000307029
3183445406 -0.000933027
3416930943 -0.000297515
1379313878 -0.0129032
2913616310 -0.00520367
847094226 -0.0116735
1670242698 -0.0047588
1162815543 -0.000933027
1800304628 0.000678526
3178482882 -0.00453704
1979191721 -0.0010014
3847416722 -0.000933027
722599523 -0.00164341
3162095595 -0.0169334
2369629527 -0.0589787
103118721 -0.00661663
3153662117 -0.00512498
76750958 -0.00661663
2813716466 -0.00754174
4248702073 -0.00501787
2354260216 -0.00146616
4137844462 -0.00453704
3992833684 -0.0102454
3753298388 -0.000857016
948043381 -0.00876102
3473645296 -0.00660806
2569680726 -0.00808954
174105210 -0.00533493
2728127955 -0.0323966
3256501030 -0.0116735
261504711 -0.0172771
2023937645 -0.0368161
2088632688 -0.0010014
3957647522 -0.00751107
1605803999 -0.00102782
2996734433 -0.0114063
3110804562 -0.00263593
503113475 0.00398809
3979502784 -0.00346301
2822609060 -0.00685088
1390021017 -0.00754174
2999644973 -0.0159681
2528188504 -0.00088038
3307149330 -0.0105709
3244275741 -0.00228171
3754452299 -0.144819
2097525790 -0.00607646
2099288197 -0.00862225
1249324714 -7.78859e-05
408795628 -0.0178954
3113006428 -0.0293069
3661966879 -0.0293069
2060918390 -0.00501787
4072383076 -0.0606729
989097633 -0.116444
3068065464 -0.00128063
1644060018 -0.00260474
2282412694 -0.0455915
1009526621 -0.00354732
594719562 -0.00514187
1816786186 -0.0163525
1927996183 0.00176752
2127797818 -0.00476383
19021307 0.00176752
220906968 -0.00114094
3040627814 -0.00808954
3223614919 -0.00808954
4073368448 0.00398809
755151769 -0.00808954
1955984430 -0.00685088
3828946292 -0.00263593
3295815498 -0.01307
687381725 -0.0114987
3587891937 0.00527809
916791228 -0.0368161
328194109 -0.00326058
1412340566 -0.00233984
2478103383 -0.00454547
2965166580 -0.0823363
1348676663 -0.00559857
346332184 -0.00522068
1208828684 -0.00957413
992372818 -0.00174207
3450350195 -0.00434117
3201352653 0.00126937
2730127352 -0.0821247
4085699543 -0.00679496
4218091012 -0.00233898
535941527 -0.00233898
4097946403 -0.00233898
1109951310 0.00318523
1868785517 -7.78859e-05
4200576502 -0.00304053
1830739977 -0.00114094
1688910903 -0.0241836
1358373431 -0.00899892
2257091313 -0.0241836
4072636110 -0.0120027
1840549049 -0.0120027
3514939599 0.00126937
1460428146 -0.0114063
1654574500 -0.00354732
1659218527 -0.0172771
777599666 -0.0109091
789587149 -0.0159681
4167620350 -0.0109091
242579288 -0.0178954
2496582483 -0.00421073
2700839685 -0.00259416
726748024 -0.00453704
4077107740 -0.0047588
1853351806 0.00126937
3513799629 -0.0191486
3622032981 -0.0279562
1196281327 -0.00260474
1692767744 -0.037347
394783903 0.000605299
4119293093 0.00314986
3077625518 -0.0368161
406984589 -0.00814762
3986943453 0.000548396
2716081848 0.00386
4167359922 -0.0185364
1760925372 0.00313822
653471570 0.00318523
649420955 -0.0105709
1999760145 -0.00260474
664194804 -0.0589787
4068714951 -0.0572246
4153900588 0.00126937
960766302 -0.00127094
3244898512 -0.00571923
1779604912 0.00316037
2668910186 -0.0109091
1668394961 -0.100137
3586533348 -0.00421073
1638609704 -0.0258093
2159361327 -0.00114094
1823791746 -0.00224095
4109730349 -0.00454547
3928550205 -0.00751107
1983742981 -0.00454547
1955002940 -0.0129032
622719734 0.00402958
3468144064 -0.0453599
1460362125 -0.0228134
391600216 -0.00520367
4038283421 0.00386
730654049 0.00386
3568926454 0.00386
1047455884 0.00386
37162360 0.00527809
2589233783 -0.0455915
967194564 -0.00434117
168721373 -0.100137
2272255135 -0.0129032
1331964967 -0.144819
1861935915 0.00275234
3578303371 -0.0572246
3573108544 0.00367971
2203438724 -0.0823363
4112662811 -0.0047588
4013197400 0.0204693
2140796640 -0.00226869
3347912765 -0.00132326
3976027647 0.00540672
3808351211 -0.0368161
1842653347 -0.00354732
2832312000 -0.0821247
1793900314 -0.00332447
3503330775 -0.000666883
138957387 -0.00808954
3397201191 -0.00260474
2063159062 0.00176752
3454942386 -0.144819
78039833 -0.0186276
2722132332 -0.0371813
4192119169 -0.00305482
4214050840 0.00350822
2026563337 0.00350822
2320719623 0.00350822
148706869 -0.0047588
1643589477 -0.029447
2192770400 -0.0821247
3285021726 -0.00399421
941971035 -0.0169334
652877872 -0.00228171
469987975 -0.0047588
1565950777 -0.000666883
3043722395 -0.00224095
1886085176 -0.00132326
511244140 -0.00814762
1696892145 -0.0109091
3499659669 0.00350822
4108817096 -0.00454547
333852013 -0.0010014
263720880 0.00355142
319382142 0.00355142
4166495700 -0.00434346
2131827147 -0.0323966
3490111306 -0.0159681
952898568 -0.000607508
3119150608 -0.00660806
506765730 -0.0168301
4148574017 0.00355142
4093622152 -0.0105709
1406871589 -0.00226869
2747169221 -0.000307029
837496238 -0.00899892
3155893353 0.00367971
1157734194 -0.147428
2324321142 0.00176752
2429821563 -0.144819
3867689518 -0.0047588
1068486945 -0.147428
2503218473 -0.00224095
2172424991 0.00355142
788013522 -0.00132326
2372549128 -0.00233898
1599691429 -0.00660806
