4258915161 -0.000113126
2398087802 -0.000356369
3484842215 -0.159808
2001570321 -0.000479867
1331964967 -0.159808
3615457753 -0.00119136
1461071546 -0.0150443
2569680726 -0.00191851
350495454 -0.00322966
2843824084 -0.00201983
2551097216 -0.000127095
503523818 -0.159808
3501619897 -0.0106504
587092444 -0.00909102
406984589 -0.0150443
2051163565 -0.0172693
3402335971 -0.00440819
3419577079 -0.0228626
3586533348 -0.00128251
409439540 -0.0555119
3284042598 -0.00294812
1080665860 -0.0148041
2750319301 -0.00363017
948043381 -0.0123861
3159882689 -0.014979
816205235 -0.00989142
4073368448 0.00339665
4145317105 -0.000669443
1890888466 -0.00272448
3269753752 -0.0187016
1955984430 -0.00431818
4258525089 -0.159808
2597147609 -0.000224498
2247380215 -0.0106504
4210192640 -0.00491204
1794856285 -0.00909102
3390545656 -0.000669443
562900972 -0.014979
3227208719 0.00339665
408795628 -0.0147966
4097946403 -0.0181792
2739197308 -0.00202751
2076461858 0.00292589
3828946292 -0.0041765
1599691429 -0.00119136
3256501030 -0.0152379
3387954407 -0.00357088
3524786948 -0.000121506
687381725 -0.00483848
3450350195 -0.000113126
1855717160 -0.00637104
726748024 -0.0020222
2919182003 -0.00909102
4252437569 -0.00371404
3155893353 0.00154752
4030029379 -0.00174812
4137844462 -0.0020222
2353789938 -0.0132263
1643589477 -0.0228626
1840549049 -0.00806231
1994507682 -0.159808
3103721368 -0.0020222
648299962 -0.0172693
3068673577 -0.00706482
3223614919 -0.00191851
2272255135 -0.0117571
417937679 0.00154752
220906968 -0.00637104
2099288197 -0.00260348
3124735508 -0.0172693
2125847845 -0.00491204
694678698 -0.0057073
2123068591 -0.00491204
3979502784 -0.00187251
3607720635 -0.000121506
3679368291 -0.00397452
414185897 -0.00346512
75549082 -0.00942566
24766274 -0.0132263
2728127955 -0.018935
1342157981 -0.00989142
1816786186 -0.00989142
2870066588 0.00154752
611520789 -0.0041765
3524065126 -0.159808
1009526621 -4.04979e-06
989097633 -0.136516
3605202573 -0.00280581
4100164576 0.00394488
3113006428 -0.014979
503113475 0.00339665
4218091012 -0.0181792
2655866658 -0.0020222
755151769 -0.00191851
3408801716 -0.00119136
4284594406 -0.0148041
1879909838 -0.0148041
2037212670 -0.00244772
198393422 -0.0181792
4041595577 -0.00174812
4072636110 -0.00806231
1668202269 -0.014979
1944161631 -0.00846732
4167359922 -0.0106504
1659218527 -0.0220269
2809633026 0.00154752
3957647522 -0.0243707
3179128925 -0.000848032
3808351211 -0.0291756
348965350 -0.08402
1019609506 -0.0228626
600785841 -0.0152379
2201423994 -0.0172693
103118721 -0.000669443
1956232018 -0.0243707
2992361098 -0.0922364
609703868 -0.0108626
2832312000 -0.0922364
2459566987 -0.00244772
3413310241 -0.0220269
2467071049 -0.159808
3576510868 -0.0829706
4157794503 -0.0107463
3376545127 -0.0041765
2632074488 -0.00196398
1654574500 -4.04979e-06
303606737 -0.000113126
309476610 -0.00942566
636349432 -0.00196398
3340113727 -0.00128251
4068714951 -0.0432575
2588037217 -0.00260348
2626831277 -0.0228626
1227902734 -0.00846732
1358373431 -0.00322966
3110804562 -0.0041765
3196305184 -0.00357088
2934824804 -0.159808
506765730 -0.00846732
2999558953 -0.159808
1610117894 -0.00201983
3611081134 -0.00431818
3153662117 -0.00242925
2922694512 -0.00388614
4205517319 -0.0829706
340283560 -0.0282709
60608086 -0.00472682
4181232444 -0.0432575
2636560243 -0.0117571
511244140 -0.0150443
2722766595 -0.0335302
2864731008 0.00292589
2353315960 -0.0132263
2131827147 -0.018935
2808859044 -0.0922364
2822609060 -0.00431818
1644060018 -0.00122291
3068065464 -0.00205514
3014335135 -0.00456893
331219308 -0.159808
362647885 -0.0840236
2248299025 -0.00196398
1624232979 -0.00280581
3661966879 -0.014979
40996090 -0.0220269
3454942386 -0.159808
1042673590 -0.0829706
1214918195 -0.105697
2012617064 -0.0829706
3828226200 -0.0851982
3490111306 -0.0112896
53654230 -0.0107463
2641233962 -0.0829706
3784310625 -0.0851982
1430112322 -0.159808
2126135767 -0.00196398
2899628589 -0.00122291
2702431645 -0.000127095
1886972492 -0.0446673
1139488070 -0.0427258
1830739977 -0.00637104
960766302 -0.00736927
2348409359 -0.0150443
4049155636 -0.0112896
1502963371 -0.00346512
2730127352 -0.0922364
144944517 -0.0409751
3507834445 -0.0187016
3976027647 -0.00898444
4077923174 -0.0921088
854720261 -0.00426059
570932490 -0.00260348
3473645296 -0.00119136
2996734433 -0.0243707
3512686521 -0.0107463
3454216039 -0.0220269
630890747 -0.0432575
867396152 -0.00346512
3340792401 -0.00244772
4160373385 -0.018935
2107750054 -0.00174812
1563778072 -0.00637104
4109730349 -0.00144635
1098240640 -0.00174812
789587149 -0.0112896
4167620350 -0.00762954
3904323026 -0.00841826
1728049363 -0.00346512
4112518923 -0.159808
261504711 -0.0220269
2023937645 -0.0291756
1692767744 -0.0851982
1023510474 -0.0291756
1649915976 -0.00131252
2282412694 -0.0471831
340020233 -0.00431818
847094226 -0.0152379
1214198145 -0.00260348
862088666 -0.0922364
1460428146 -0.0243707
328194109 -0.00804411
3175070855 -0.0555119
236369400 -0.00472682
837496238 -0.00322966
664194804 -0.0555119
2999644973 -0.0112896
2342242945 -0.00736927
2621622536 -0.159808
722686710 -0.00426059
3468144064 -0.0471831
1842653347 -4.04979e-06
814323586 -0.00624723
1668394961 -0.105697
46084012 -0.00196398
1083394991 -0.0432575
1088945299 -0.00989142
2659434454 -0.00736927
2208327497 -0.0112896
3876134116 -0.0105831
2633191638 -0.0147966
242579288 -0.0147966
3010975974 -0.00260348
391600216 -0.00942566
4085699543 -0.00608877
3244275741 -0.00472682
1955002940 -0.0117571
1348676663 -0.00498536
3397201191 -0.00122291
3651098565 -0.00322966
3040060696 -0.00426059
3650476081 -0.0187016
2528188504 -0.00313331
3002809686 -0.00431972
3307149330 -0.0039815
3984727704 -0.00244772
609342700 -0.00426059
484309559 -0.0106504
1983742981 -0.00144635
2183104177 -0.00280581
4153900588 -0.0021175
1379313878 -0.0117571
594719562 -0.00201983
3676840785 -0.00481664
2443955494 -4.04979e-06
4072383076 -0.0569125
2009499608 -0.0147966
2924471996 -0.0471831
3040627814 -0.00191851
2949164478 -0.00780716
240321797 -0.00780716
3889918511 -0.00780716
3622032981 -0.0188124
2778546339 -0.00736927
677201290 -0.00846732
3756591986 -0.00201983
1068486945 -0.159808
2511575324 -0.0851982
652877872 -0.00472682
2722132332 -0.0429907
78039833 -0.0148041
1417015101 -0.000943889
1385755138 -0.000121506
2669474086 -0.00909102
3077701824 -0.000113126
3201352653 -0.0021175
1853351806 -0.0021175
1560336220 -0.0152379
3962483774 -0.0036943
3514939599 -0.0021175
675115287 -0.000121506
1999760145 -0.00122291
4093622152 -0.0039815
2337062318 -0.0041765
3077625518 -0.0291756
1196281327 -0.00122291
1688910903 -0.0187016
777599666 -0.00762954
2478103383 -0.00144635
3143350086 -0.000127095
1402554340 -0.00780716
813781066 -0.0132263
450879470 0.00339665
535941527 -0.0181792
2798145565 -0.000224498
784611069 -0.00357088
3824128002 -0.00806231
1747869855 -0.0228626
3997492553 -0.00346512
3992833684 -0.0150905
2913616310 -0.00942566
1759058572 -0.000669443
3928550205 -0.0243707
642521268 -0.0132263
76750958 -0.000669443
649420955 -0.0039815
2169194919 -0.159808
3162095595 0.00292589
1157734194 -0.159808
2919392317 -0.00128251
1957257775 -0.00128251
1208828684 -0.0117571
2159361327 -0.00637104
3998083561 -0.000127095
1106053494 -0.0148041
2127797818 -0.0095034
2037897888 -0.00762954
3295815498 -0.0172693
4150456259 -0.0240597
3578303371 -0.0432575
187665100 -0.00357088
2203438724 -0.0921088
3754452299 -0.159808
1552103602 -0.159808
3241095964 -0.0150443
943524439 -0.00909102
3422913332 -0.0147966
2369629527 -0.0555119
1141674736 -0.00201983
2668910186 -0.00762954
941971035 0.00292589
246159599 0.00548545
1460362125 -0.0362488
2603231137 -0.00238194
4214050840 0.00394488
2026563337 0.00394488
3499659669 0.00394488
2320719623 0.00394488
2216935762 -0.0107463
4015586685 -0.00174812
394783903 -0.000224498
3178482882 -0.0020222
2965166580 -0.0921088
2496582483 -0.00128251
3768420552 -0.0555119
992372818 -0.00491204
1638609704 -0.0206554
2951637676 -0.000121506
2372549128 -0.0181792
4108817096 -0.00144635
1800304628 -0.0124317
2257091313 -0.0187016
4013197400 0.00421866
3119150608 -0.00119136
3028467478 -0.000224498
2824890499 -0.159808
1614564814 -0.0851982
916791228 -0.0291756
3327645142 -0.00280581
138957387 -0.00191851
3573108544 0.00154752
4259269111 -0.00806231
2429821563 -0.159808
1696892145 -0.00762954
1685386623 -0.00280581
2192770400 -0.0922364
3513799629 -0.0106504
31130388 0.00292589
967194564 -0.000113126
2589233783 -0.0471831
168721373 -0.105697
