2076461858 0.00472651
246159599 0.00658127
1379313878 -0.0133371
648299962 -0.012
3402335971 -0.00277652
2747169221 -0.00119977
1088945299 -0.0162256
1461071546 -0.00853619
406984589 -0.00853619
3269753752 -0.0227929
1668202269 -0.0155604
3340113727 -0.00449922
2368328509 -0.00119977
3512686521 -0.00561674
4015586685 -0.000136556
2051163565 -0.012
4284594406 -0.0171746
2107750054 -0.000136556
1560336220 -0.0184102
2641233962 -0.109855
1944161631 -0.00982167
340283560 -0.0301574
3586533348 -0.00449922
4030029379 -0.000136556
1994507682 -0.163783
2123068591 -0.00638417
1644060018 -0.0004033
3119150608 -0.00320321
3103721368 -0.00120409
2348409359 -0.00853619
4145317105 -0.00272274
3159882689 -0.0155604
2865221492 -0.00119977
1068486945 -0.163783
331219308 -0.163783
362647885 -0.075694
3622032981 -0.0197662
2099288197 -0.00203287
1214198145 -0.00203287
948043381 -0.00816615
2750319301 -0.000492484
2578480025 -0.00119977
888806534 0.00107029
570932490 -0.00203287
4137844462 -0.00120409
1023510474 -0.0383742
2026563337 0.00311567
2597147609 -0.00318714
3976027647 -0.00530991
367814234 -0.00329568
3077701824 -0.00117594
1299330628 -0.00297176
1042673590 -0.109855
3124735508 -0.012
2201423994 -0.012
75549082 -0.0147697
562900972 -0.0155604
4205517319 -0.109855
4214050840 0.00311567
2478103383 -0.000733733
4100164576 0.00311567
3889918511 -0.00617991
2372549128 -0.0116691
503113475 0.00224555
862088666 -0.0910096
350495454 -0.00423678
3227208719 0.00224555
348965350 -0.0860026
3611081134 -0.00126587
4041595577 -0.000136556
1696892145 -0.00519658
1649915976 -0.00384951
24766274 -0.0109363
3285021726 -0.00239557
2655866658 -0.00120409
1227902734 -0.00982167
109331286 -0.00328225
3413310241 -0.0219853
1402554340 -0.00617991
594719562 -0.00564045
687381725 -0.00688052
3014984883 -0.00847334
816205235 -0.0162256
2001570321 -0.000321684
4013197400 0.00464812
789587149 -0.0136714
4167620350 -0.00519658
4258525089 -0.163783
3223614919 -0.00606218
1720049421 0.00107029
4259269111 -0.00848643
4258915161 -0.00117594
3390545656 -0.00272274
408795628 -0.018847
261504711 -0.0219853
1840549049 -0.00848643
4210192640 -0.00638417
1879909838 -0.0171746
103118721 -0.00272274
3928550205 -0.0194473
722599523 -0.000780818
3484842215 -0.163783
3490111306 -0.0136714
3513799629 -0.0128932
1563778072 -0.00124695
3072725903 -0.000526852
220906968 -0.00124695
1830739977 -0.00124695
2924471996 -0.0430715
652877872 -0.00498585
2159361327 -0.00124695
2949164478 -0.00617991
4218091012 -0.0116691
2739197308 -0.00483822
867396152 -0.00951452
3473645296 -0.00320321
1139488070 -0.0429552
1886972492 -0.0545421
2899628589 -0.0004033
1983742981 -0.000733733
2353789938 -0.0109363
4112518923 -0.163783
2569680726 -0.00606218
1759058572 -0.00272274
3040060696 -0.00864242
3957647522 -0.0194473
4072636110 -0.00848643
3679368291 -0.00528698
231814123 -0.000526852
503523818 -0.163783
2131827147 -0.0186188
813781066 -0.0109363
417937679 0.00232278
2012617064 -0.109855
3828226200 -0.083506
3615457753 -0.00320321
409439540 -0.0428908
2353315960 -0.0109363
236369400 -0.00498585
4049155636 -0.0136714
1080665860 -0.0171746
1214918195 -0.11111
1342157981 -0.0162256
1331964967 -0.163783
1127165007 -0.000526852
1955984430 -0.00126587
2808859044 -0.0910096
2934824804 -0.163783
3202399242 -0.000967962
3408801716 -0.00320321
777599666 -0.00519658
2870066588 0.00232278
2636560243 -0.0133371
1019609506 -0.0226057
346332184 -0.00319013
2822609060 -0.00126587
1853351806 -0.00744376
2992361098 -0.0910096
2037897888 -0.00519658
4218145990 -0.000415728
1083394991 -0.0385621
3524065126 -0.163783
2843824084 -0.00564045
3507834445 -0.0227929
1208828684 -0.0133371
4181232444 -0.0385621
60313977 -0.00787114
4077923174 -0.0976698
2778546339 -0.00608395
2208327497 -0.0136714
3876134116 -0.0115951
2125847845 -0.00638417
694678698 -0.00148335
1800304628 -0.00952711
2203438724 -0.0976698
1358373431 -0.00423678
2511575324 -0.083506
3284042598 -0.00415612
2272255135 -0.0133371
2722766595 -0.0266414
1855717160 -0.00124695
3824128002 -0.00848643
1747869855 -0.0226057
2999644973 -0.0136714
1955002940 -0.0133371
2320719623 0.00311567
3501619897 -0.0128932
3162095595 0.00472651
4093622152 -0.00245318
1692767744 -0.083506
1956232018 -0.0194473
1728049363 -0.00951452
2633191638 -0.018847
242579288 -0.018847
3454216039 -0.0219853
2996734433 -0.0194473
3997492553 -0.00951452
414185897 -0.00951452
1098240640 -0.000136556
309476610 -0.0147697
53654230 -0.00561674
1304272554 -0.000415728
587092444 -0.00253176
2169194919 -0.163783
340020233 -0.00126587
3113006428 -0.0155604
3808351211 -0.0383742
755151769 -0.00606218
4073368448 0.00224555
609703868 -0.00733196
4153900588 -0.00744376
4068714951 -0.0385621
315992318 -0.000526852
2621622536 -0.163783
3576510868 -0.109855
2467071049 -0.163783
4157794503 -0.00561674
3201352653 -0.00744376
847094226 -0.0184102
3756591986 -0.00564045
677201290 -0.00982167
1502963371 -0.00951452
2626831277 -0.0226057
3784310625 -0.083506
3499659669 0.00311567
854720261 -0.00864242
722686710 -0.00864242
3068673577 -0.00113499
1106053494 -0.0171746
3244275741 -0.00498585
3650476081 -0.0227929
3992833684 -0.0150643
3256501030 -0.0184102
600785841 -0.0184102
1668394961 -0.11111
4160373385 -0.0186188
3040627814 -0.00606218
2728127955 -0.0186188
1890888466 -0.0031435
3514939599 -0.00744376
391600216 -0.0147697
328194109 -0.0080222
3295815498 -0.012
989097633 -0.15154
144944517 -0.0489655
3661966879 -0.0155604
1688910903 -0.0227929
511244140 -0.00853619
2257091313 -0.0227929
394783903 -0.00318714
4085699543 -0.00489914
2999558953 -0.163783
2864731008 0.00472651
109893286 -0.000526852
1460362125 -0.0323744
603145376 -0.000415728
4109730349 -0.000733733
4108817096 -0.000733733
2282412694 -0.0430715
4167359922 -0.0128932
484309559 -0.0128932
3676840785 -0.00447021
1957257775 -0.00449922
3419577079 -0.0226057
2009499608 -0.018847
450879470 0.00224555
992372818 -0.00638417
1348676663 -0.00393262
664194804 -0.0428908
1816786186 -0.0162256
2127797818 -0.00711341
1638609704 -0.01356
4072383076 -0.0445489
3289177414 0.000103713
4252437569 -0.00403431
726748024 -0.00120409
60608086 -0.00498585
2342242945 -0.00608395
2798145565 -0.00318714
303606737 -0.00117594
1417015101 -0.00390416
2722132332 -0.0410623
78039833 -0.0171746
3468144064 -0.0430715
1794856285 -0.00253176
3077625518 -0.0383742
3175070855 -0.0428908
649420955 -0.00245318
240321797 -0.00617991
3241095964 -0.00853619
943524439 -0.00253176
4150456259 -0.0294749
2913616310 -0.0147697
3573108544 0.00232278
174105210 -0.00336564
3904323026 -0.0032018
1196281327 -0.0004033
2919392317 -0.00449922
3010975974 -0.00203287
2730127352 -0.0910096
3422913332 -0.018847
40996090 -0.0219853
2922694512 -0.00468873
2809633026 0.00232278
609342700 -0.00864242
3002809686 -0.000789664
3307149330 -0.00245318
2669474086 -0.00253176
3651098565 -0.00423678
3450350195 -0.00117594
31130388 0.00472651
941971035 0.00472651
2589233783 -0.0430715
967194564 -0.00117594
3178482882 -0.00120409
3179128925 -0.0041092
2496582483 -0.00449922
1297152772 -0.00119977
960766302 -0.00608395
1999760145 -0.0004033
3028467478 -0.00318714
1643589477 -0.0226057
837496238 -0.00423678
3454942386 -0.163783
1157734194 -0.163783
1141674736 -0.00564045
535941527 -0.0116691
2084248659 -0.000415728
2192770400 -0.0910096
2247380215 -0.0128932
1552103602 -0.163783
3754452299 -0.163783
3140841674 0.00107029
4250451206 -0.000505558
2588037217 -0.00203287
2216935762 -0.00561674
2965166580 -0.0976698
3397201191 -0.0004033
630890747 -0.0385621
2603231137 -0.00402468
2023937645 -0.0383742
198393422 -0.0116691
2919182003 -0.00253176
506765730 -0.00982167
1659218527 -0.0219853
4258127227 -0.000415728
2832312000 -0.0910096
2824890499 -0.163783
4097946403 -0.0116691
2659434454 -0.00608395
642521268 -0.0109363
1610117894 -0.00564045
2120356631 0.00122473
2668910186 -0.00519658
138957387 -0.00606218
1614564814 -0.083506
3540489244 0.00107029
3962483774 -0.000697888
2369629527 -0.0428908
1460428146 -0.0194473
168721373 -0.11111
3155893353 0.00232278
76750958 -0.00272274
1430112322 -0.163783
3768420552 -0.0428908
2429821563 -0.163783
1599691429 -0.00320321
916791228 -0.0383742
3578303371 -0.0385621
