414185897 -0.00910264
1461071546 -0.00854792
609342700 -0.00481773
2123068591 -0.00202879
649420955 -0.00497591
4250451206 -0.000213231
3175070855 -0.0672029
1214198145 -0.00187953
594719562 -0.00279724
4097946403 -0.00910253
587092444 -0.00616405
916791228 -0.0340037
408795628 -0.0169445
2722766595 -0.0338496
2633191638 -0.0169445
630890747 -0.0589654
3484842215 -0.148077
3192530948 -0.0010019
1088945299 -0.0152275
4145317105 -0.00215747
3040060696 -0.00481773
2320719623 0.00392744
1331964967 -0.148077
2348409359 -0.00854792
562900972 -0.0185819
406984589 -0.00854792
4214050840 0.00392744
3159882689 -0.0185819
3468144064 -0.0380091
1944161631 -0.00753646
2201423994 -0.00965579
989097633 -0.110665
103118721 -0.00215747
261504711 -0.0159999
417937679 0.00179206
3501619897 -0.00907923
2362768387 -0.0011458
1994507682 -0.148077
4100164576 0.00392744
484309559 -0.00907923
1649915976 -0.00320643
2099288197 -0.00187953
1890888466 -0.00627934
1668202269 -0.0185819
2037212670 -0.0010607
1879909838 -0.011786
2459566987 -0.0010607
236369400 -0.00719988
3828226200 -0.0899827
4112518923 -0.148077
1019609506 -0.0139541
600785841 -0.0165022
854720261 -0.00481773
4013197400 0.00776051
1560336220 -0.0165022
309476610 -0.00406226
3413310241 -0.0159999
3014335135 -0.0011045
4160373385 -0.0151968
652877872 -0.00719988
2924471996 -0.0380091
3244275741 -0.00719988
2353789938 -0.0103576
40996090 -0.0159999
33450972 -0.00194471
3992833684 -0.00930315
331219308 -0.148077
362647885 -0.0715127
2636560243 -0.0115205
2372549128 -0.00910253
4218091012 -0.00910253
1379313878 -0.0115205
2996734433 -0.0194576
535941527 -0.00910253
4210192640 -0.00202879
1106053494 -0.011786
4284594406 -0.011786
2809633026 0.00179206
3622032981 -0.0135939
3295815498 -0.00965579
2247380215 -0.00907923
2999558953 -0.148077
503523818 -0.148077
3113006428 -0.0185819
3784310625 -0.0899827
1840549049 -0.00904471
4259269111 -0.00904471
2368328509 -0.000538939
609703868 -0.0101092
3390545656 -0.00215747
816205235 -0.0152275
2001570321 -0.00507344
4181232444 -0.0589654
862088666 -0.0830535
1227902734 -0.00753646
2569680726 -0.00234446
2722132332 -0.0330379
78039833 -0.011786
2127797818 -0.00902452
340283560 -0.0312239
2626831277 -0.0139541
3179128925 -0.00105029
2934824804 -0.148077
24766274 -0.0103576
2511575324 -0.0899827
3984727704 -0.0010607
2578480025 -0.000538939
1692767744 -0.0899827
1208828684 -0.0115205
3416930943 -0.00348328
3307149330 -0.00497591
3754452299 -0.148077
687381725 -0.0101323
2467071049 -0.148077
3928550205 -0.0194576
1139488070 -0.0407427
1886972492 -0.0451734
2813716466 -0.00194471
2808859044 -0.0830535
511244140 -0.00854792
1080665860 -0.011786
1083394991 -0.0589654
847094226 -0.0165022
2621622536 -0.148077
992372818 -0.00202879
2728127955 -0.0151968
1955002940 -0.0115205
3269753752 -0.0192807
3578303371 -0.0589654
3824128002 -0.00904471
1747869855 -0.0139541
4258525089 -0.148077
1214918195 -0.100085
1502963371 -0.00910264
328194109 -0.00665258
1412340566 -0.000375678
75549082 -0.00406226
4077923174 -0.0876403
2353315960 -0.0103576
3976027647 -0.00482113
3507834445 -0.0192807
1512975394 -0.0011458
506765730 -0.00753646
4068714951 -0.0589654
4153900588 -0.00231262
4072383076 -0.0693211
2014235984 -0.0011458
570932490 -0.00187953
1023510474 -0.0340037
2023937645 -0.0340037
3768420552 -0.0672029
3876134116 -0.0157096
2208327497 -0.0146243
694678698 -0.00357621
4072636110 -0.00904471
2843824084 -0.00279724
3422913332 -0.0169445
1348676663 -0.0068213
813781066 -0.0103576
3256501030 -0.0165022
1342157981 -0.0152275
3650476081 -0.0192807
3889918511 -0.00677562
2169194919 -0.148077
2865221492 -0.000538939
2589233783 -0.0380091
814323586 -0.00640662
60608086 -0.00719988
3997492553 -0.00910264
2037897888 -0.00785953
3904323026 -0.00786523
540093018 -0.00474834
3957647522 -0.0194576
391600216 -0.00406226
168721373 -0.100085
3419577079 -0.0139541
648299962 -0.00965579
3661966879 -0.0185819
2999644973 -0.0146243
242579288 -0.0169445
1956232018 -0.0194576
3068065464 -0.00127157
3340113727 -0.00173239
1068486945 -0.148077
240321797 -0.00677562
664194804 -0.0672029
2870066588 0.00179206
2342242945 -0.0059687
2778546339 -0.0059687
2282412694 -0.0380091
789587149 -0.0146243
4167620350 -0.00785953
3586533348 -0.00173239
1402554340 -0.00677562
1957257775 -0.00173239
3676840785 -0.00635244
3153662117 -0.000561026
3490111306 -0.0146243
867396152 -0.00910264
3340792401 -0.0010607
2669474086 -0.00616405
1728049363 -0.00910264
3520458539 0.000607355
2272255135 -0.0115205
2398087802 -0.00341896
2992361098 -0.0830535
2949164478 -0.00677562
2739197308 -0.0048611
3201352653 -0.00231262
1853351806 -0.00231262
3514939599 -0.00231262
3040627814 -0.00234446
3241095964 -0.00854792
943524439 -0.00616405
2913616310 -0.00406226
1816786186 -0.0152275
1460362125 -0.0281288
346332184 -0.00405783
1638609704 -0.0084382
3124735508 -0.00965579
4085699543 -0.00635728
2747169221 -0.000538939
1759058572 -0.00215747
1610117894 -0.00279724
2922694512 -0.00289698
2026563337 0.00392744
3815561697 -0.0011458
2051163565 -0.00965579
3155893353 0.00179206
3284042598 -0.00443283
1614564814 -0.0899827
4049155636 -0.0146243
3227208719 0.00501006
755151769 -0.00234446
4073368448 0.00501006
503113475 0.00501006
450879470 0.00501006
4167359922 -0.00907923
1400483063 -0.0011458
409439540 -0.0672029
3454216039 -0.0159999
1605803999 -0.00153974
3756591986 -0.00279724
677201290 -0.00753646
2192770400 -0.0830535
4093622152 -0.00497591
1800304628 -0.0108908
3077625518 -0.0340037
2919392317 -0.00173239
1141674736 -0.00279724
4150456259 -0.0277261
2429821563 -0.148077
2730127352 -0.0830535
3010975974 -0.00187953
960766302 -0.0059687
3454942386 -0.148077
2125847845 -0.00202879
2919182003 -0.00616405
138957387 -0.00234446
1390021017 -0.00194471
198393422 -0.00910253
3808351211 -0.0340037
3513799629 -0.00907923
1297152772 -0.000538939
3223614919 -0.00234446
722686710 -0.00481773
3679368291 -0.00713996
1659218527 -0.0159999
777599666 -0.00785953
2588037217 -0.00187953
2832312000 -0.0830535
3524065126 -0.148077
144944517 -0.044675
3962483774 -0.00434474
3499659669 0.00392744
2659434454 -0.0059687
2965166580 -0.0876403
642521268 -0.0103576
2668910186 -0.00785953
3573108544 0.00179206
1552103602 -0.148077
246159599 0.00450916
1157734194 -0.148077
2009499608 -0.0169445
1668394961 -0.100085
1460428146 -0.0194576
2369629527 -0.0672029
2131827147 -0.0151968
1696892145 -0.00785953
2257091313 -0.0192807
76750958 -0.00215747
1430112322 -0.148077
348965350 -0.0807207
1688910903 -0.0192807
1643589477 -0.0139541
1794856285 -0.00616405
2496582483 -0.00173239
1032703249 -0.00194471
2824890499 -0.148077
2603231137 -0.00415039
2203438724 -0.0876403
