2117133652 -0.00023064
1461071546 -0.00942511
3397201191 -0.0025099
3159882689 -0.0157219
854720261 -0.00270421
1088945299 -0.0172194
2655866658 -0.00273703
1830739977 -0.00813328
3285021726 -0.00137428
648299962 -0.016764
3103721368 -0.00273703
4137844462 -0.00273703
2119957054 -0.000691533
776439774 -0.000691533
3269753752 -0.0223891
3028467478 -0.00523163
2208327497 -0.0161557
2348409359 -0.00942511
174105210 -0.00926592
2919182003 -0.00484803
2551097216 -0.000588499
2429821563 -0.165498
4210192640 -0.00570544
3014335135 -0.000532543
3507834445 -0.0223891
2965166580 -0.0994352
2722766595 -0.0352555
4258915161 -0.00618055
4167359922 -0.0118489
4097946403 -0.00956673
664194804 -0.0447447
2824890499 -0.165498
726748024 -0.00273703
1009526621 -0.00148094
948043381 -5.89601e-05
2750319301 -0.000459866
1402554340 -0.0118425
1083394991 -0.0335935
4181232444 -0.0335935
649420955 -0.0023577
3701340724 -0.00023064
3077701824 -0.00618055
813781066 -0.0151123
1068486945 -0.165498
1379313878 -0.0114357
3828946292 -0.00220151
2099288197 -0.00411588
1214198145 -0.00411588
1644060018 -0.0025099
4073368448 0.00364766
240321797 -0.0118425
2865221492 -0.00177145
417937679 0.000585359
3053236767 -0.000691533
630890747 -0.0335935
3040060696 -0.00270421
2597147609 -0.00523163
2368328509 -0.00177145
3512686521 -0.00146638
1193443314 -0.000669419
1297152772 -0.00177145
1840549049 -0.0059213
2578480025 -0.00177145
1342157981 -0.0172194
3119150608 -0.0133866
1890888466 -0.000892409
2739197308 -0.00571623
1080665860 -0.0154851
1692767744 -0.0739574
3419577079 -0.0118374
76750958 -0.00178639
2588037217 -0.00411588
417775299 -0.000691533
2569680726 -0.00633176
600785841 -0.0184467
3387954407 -0.00200082
3992833684 -0.0129629
3143350086 -0.000588499
2702431645 -0.000588499
814323586 -0.00335812
1994507682 -0.165498
3889918511 -0.0118425
3611081134 -0.00169497
1759058572 -0.00178639
236369400 -0.0100255
303606737 -0.00618055
1696892145 -0.00741252
503523818 -0.165498
3223614919 -0.00633176
3876134116 -0.00701095
1563778072 -0.00813328
3284042598 -0.0056724
3413310241 -0.0203964
1816786186 -0.0172194
3573108544 0.000585359
2636560243 -0.0114357
220906968 -0.00813328
2159361327 -0.00813328
2999558953 -0.165498
1299330628 -0.00490377
408795628 -0.00994981
2924471996 -0.0453927
652877872 -0.0100255
562900972 -0.0157219
1955984430 -0.00169497
1599691429 -0.0133866
4218091012 -0.00956673
1358373431 -0.00515699
109331286 -0.00157882
1208828684 -0.0114357
1214918195 -0.110969
3077625518 -0.0330411
24766274 -0.0151123
3376545127 -0.00220151
1042673590 -0.108043
2369629527 -0.0447447
103118721 -0.00178639
3676840785 -0.00282531
1879909838 -0.0154851
3295815498 -0.016764
1668202269 -0.0157219
2832312000 -0.0951725
350495454 -0.00515699
2201423994 -0.016764
4258127227 -0.0360852
2282412694 -0.0453927
3808351211 -0.0330411
506765730 -0.0107761
309476610 -0.00959951
4205517319 -0.108043
2216935762 -0.00146638
2037897888 -0.00741252
1139488070 -0.043195
1886972492 -0.0433932
1206731532 -0.00224251
4112518923 -0.165498
340283560 -0.0315209
2722132332 -0.0402452
78039833 -0.0154851
4150456259 -0.0374624
4218145990 -0.0360852
989097633 -0.153904
328194109 -0.00588552
2353315960 -0.0151123
168721373 -0.110969
2864731008 0.00569734
2131827147 -0.0160113
2992361098 -0.0951725
1019609506 -0.0118374
784611069 -0.00200082
2626831277 -0.0118374
3622032981 -0.0185601
3244275741 -0.0100255
3754452299 -0.165498
3307149330 -0.0023577
3002809686 -0.00389438
2730127352 -0.0951725
2511575324 -0.0739574
3576510868 -0.108043
2621622536 -0.165498
1855717160 -0.00813328
1502963371 -0.010127
2353789938 -0.0151123
611520789 -0.00220151
3524065126 -0.165498
4157794503 -0.00146638
2467071049 -0.165498
4145317105 -0.00178639
2272255135 -0.0114357
3340113727 -0.00341942
4258525089 -0.165498
2633191638 -0.00994981
1659218527 -0.0203964
2809633026 0.000585359
1560336220 -0.0184467
3679368291 -0.0025273
331219308 -0.165498
362647885 -0.0893211
2641233962 -0.108043
4167620350 -0.00741252
789587149 -0.0161557
1654574500 -0.00148094
3484842215 -0.165498
3450350195 -0.00618055
4160373385 -0.0160113
862088666 -0.0951725
2169194919 -0.165498
340020233 -0.00169497
367814234 -0.00489082
75549082 -0.00959951
4214050840 0.00391856
2443955494 -0.00148094
2009499608 -0.00994981
1304272554 -0.0360852
53654230 -0.00146638
1944161631 -0.0107761
1227902734 -0.0107761
816205235 -0.0172194
2337062318 -0.00220151
1460362125 -0.0318141
2203438724 -0.0994352
187665100 -0.00200082
2999644973 -0.0161557
2342242945 -0.00631884
1955002940 -0.0114357
3784310625 -0.0739574
3997492553 -0.010127
394783903 -0.00523163
1106053494 -0.0154851
4153900588 -0.00609146
4068714951 -0.0335935
603145376 -0.0360852
4013197400 0.00820501
3650476081 -0.0223891
777599666 -0.00741252
348965350 -0.0910879
3976027647 -0.0042131
3040627814 -0.00633176
1025604564 -0.0011404
3578303371 -0.0335935
3957647522 -0.0191307
406984589 -0.00942511
1460428146 -0.0191307
511244140 -0.00942511
1956232018 -0.0191307
3586533348 -0.00341942
1196281327 -0.0025099
2899628589 -0.0025099
535941527 -0.00956673
1747869855 -0.0118374
3824128002 -0.0059213
3196305184 -0.00200082
2728127955 -0.0160113
1331964967 -0.165498
2125847845 -0.00570544
694678698 -0.00322752
1800304628 -0.00895176
3408801716 -0.0133866
1430112322 -0.165498
2076461858 0.00569734
570932490 -0.00411588
3828226200 -0.0739574
3513799629 -0.0118489
4077923174 -0.0994352
1728049363 -0.010127
642521268 -0.0151123
2123068591 -0.00570544
2870066588 0.000585359
2778546339 -0.00631884
4252437569 -0.00636779
4072636110 -0.0059213
1999760145 -0.0025099
2747169221 -0.00177145
3454216039 -0.0203964
2996734433 -0.0191307
1794856285 -0.00484803
144944517 -0.0478808
587092444 -0.00484803
3113006428 -0.0157219
40996090 -0.0203964
242579288 -0.00994981
391600216 -0.00959951
3501619897 -0.0118489
3468144064 -0.0453927
4085699543 -0.00433508
4120391257 -0.00200795
609703868 -0.00608161
1348676663 -0.00318481
1668394961 -0.110969
3241095964 -0.00942511
943524439 -0.00484803
2127797818 -0.00814451
2922694512 -0.00730094
484309559 -0.0118489
33450972 -0.00152709
1555760317 -0.00023064
2949164478 -0.0118425
4049155636 -0.0161557
3904323026 -0.00412415
3201352653 -0.00609146
3402335971 -0.00222784
3651098565 -0.00515699
4072383076 -0.0455493
1874121111 -0.00023064
2798145565 -0.00523163
867396152 -0.010127
2669474086 -0.00484803
2919392317 -0.00341942
3661966879 -0.0157219
2103863861 -0.0011404
609342700 -0.00270421
2026563337 0.00391856
2659434454 -0.00631884
2051163565 -0.016764
3615457753 -0.0133866
409439540 -0.0447447
3175070855 -0.0447447
1614564814 -0.0739574
1957257775 -0.00341942
3010975974 -0.00411588
755151769 -0.00633176
450879470 0.00364766
414185897 -0.010127
31130388 0.00569734
746426500 -0.00548433
677201290 -0.0107761
3928550205 -0.0191307
2192770400 -0.0951725
3514939599 -0.00609146
3473645296 -0.0133866
3998083561 -0.000588499
3490111306 -0.0161557
3422913332 -0.00994981
687381725 -0.00323208
2934824804 -0.165498
3162095595 0.00569734
4100164576 0.00391856
2808859044 -0.0951725
2913616310 -0.00959951
1638609704 -0.0205859
1688910903 -0.0223891
4093622152 -0.0023577
60313977 -0.0095683
967194564 -0.00618055
2589233783 -0.0453927
1853351806 -0.00609146
2257091313 -0.0223891
3454942386 -0.165498
941971035 0.00569734
346332184 -0.000509399
4284594406 -0.0154851
60608086 -0.0100255
2668910186 -0.00741252
1167497649 -0.0011404
847094226 -0.0184467
3978369035 -0.00148322
2822609060 -0.00169497
2213670597 -0.0011404
2012617064 -0.108043
1157734194 -0.165498
3110804562 -0.00220151
722686710 -0.00270421
1417015101 -0.00191239
246159599 0.00658201
3962483774 -0.0066435
3155893353 0.000585359
2166721244 -0.00023064
4259269111 -0.0059213
3227208719 0.00364766
992372818 -0.00570544
2603231137 -0.00136026
1390021017 -0.00152709
261504711 -0.0203964
916791228 -0.0330411
198393422 -0.00956673
503113475 0.00364766
3068065464 -0.00139256
837496238 -0.00515699
2084248659 -0.0360852
138957387 -0.00633176
3390545656 -0.00178639
960766302 -0.00631884
1552103602 -0.165498
3499659669 0.00391856
2320719623 0.00391856
1842653347 -0.00148094
949498507 -0.0011404
1032703249 -0.00152709
1643589477 -0.0118374
3178482882 -0.00273703
2023937645 -0.0330411
3014984883 -0.00442888
2247380215 -0.0118489
2496582483 -0.00341942
3124735508 -0.016764
2813716466 -0.00152709
1023510474 -0.0330411
3256501030 -0.0184467
2372549128 -0.00956673
3768420552 -0.0447447
