4097946403 -0.0104956
2054250033 -0.00155431
4258915161 -0.00395219
4210192640 -0.00581157
3473645296 -0.011397
3159882689 -0.0201637
3077625518 -0.0330192
3576510868 -0.1123
503523818 -0.166121
3454216039 -0.016525
1214918195 -0.105294
3013433801 -1.13265e-06
1794856285 -0.00655627
3040060696 -0.00809299
3992833684 -0.0135491
31130388 0.00516453
2919182003 -0.00655627
350495454 -0.00484412
4003788042 -0.000770383
2203438724 -0.0914264
3103721368 -0.0020331
1227902734 -0.00778414
2808859044 -0.101281
220906968 -0.0107294
328194109 -0.00581749
2922694512 -0.00971977
3340113727 -0.00661835
3611081134 -0.00471925
3586533348 -0.00661835
4250451206 -0.00198916
2655866658 -0.0020331
2934824804 -0.166121
2832312000 -0.101281
1614564814 -0.076833
3113006428 -0.0201637
3402335971 -0.000297319
587092444 -0.00655627
2511575324 -0.076833
3454942386 -0.166121
2208327497 -0.0155956
2201423994 -0.0177637
562900972 -0.0201637
694678698 -0.000790358
3978369035 -0.00302767
2123245215 -0.000770383
1944161631 -0.00778414
1050213363 -0.000151547
2578480025 -0.00101956
594719562 -0.00119379
2099288197 -0.00600455
814323586 -0.00507065
2750319301 -0.00209113
948043381 -0.00264135
4258127227 -0.0250869
3484842215 -0.166121
3513799629 -0.015048
4072383076 -0.0487629
4073368448 0.00120381
4085699543 -0.0053964
506765730 -0.00778414
960766302 -0.00657651
2668910186 -0.00541283
1696892145 -0.00541283
2440147330 -0.00106674
2272255135 -0.00928975
813781066 -0.0109385
4150456259 -0.0296768
2425890976 -0.00106674
3754452299 -0.166121
649420955 -0.0074001
2636560243 -0.00928975
687381725 -0.00528986
4181232444 -0.0314875
3889918511 -0.00603335
2282412694 -0.0486814
1379313878 -0.00928975
1955002940 -0.00928975
40996090 -0.016525
2569680726 -0.00410086
3119150608 -0.011397
784611069 -0.00323174
3416930943 -0.00114983
3040627814 -0.00410086
3419577079 -0.0203667
2626831277 -0.0203667
1019609506 -0.0203667
600785841 -0.0174198
174105210 -0.00887805
3413310241 -0.016525
2247380215 -0.015048
648299962 -0.0177637
1083394991 -0.0314875
1088945299 -0.0189651
603145376 -0.0250869
4252437569 -0.00275973
3269753752 -0.0246824
4218091012 -0.0104956
2798145565 -0.00304892
1208828684 -0.00928975
1342157981 -0.0189651
4049155636 -0.0155956
2778546339 -0.00657651
3876134116 -0.0092463
408795628 -0.0191617
2169194919 -0.166121
1139488070 -0.0402413
1886972492 -0.0496844
242579288 -0.0191617
348965350 -0.0833324
1610117894 -0.00119379
3524065126 -0.166121
854720261 -0.00809299
103118721 -0.00470574
1297152772 -0.00101956
2051163565 -0.0177637
2159361327 -0.0107294
2546657959 -0.0008345
3784310625 -0.076833
2140796640 -0.000151547
331219308 -0.166121
362647885 -0.0811834
578100714 -0.000770383
1348676663 -0.00495865
2588037217 -0.00600455
2353789938 -0.0109385
2353315960 -0.0109385
2368328509 -0.00101956
3512686521 -0.00412436
652877872 -0.00936348
2924471996 -0.0486814
1023510474 -0.0330192
1406871589 -0.000151547
2216935762 -0.00412436
3068065464 -0.00126894
1668202269 -0.0201637
3808351211 -0.0330192
1042673590 -0.1123
3077701824 -0.00395219
4259269111 -0.00792861
4145317105 -0.00470574
2822609060 -0.00471925
60313977 -0.0083894
1855717160 -0.0107294
2192770400 -0.101281
484309559 -0.015048
1830739977 -0.0107294
916791228 -0.0330192
1412340566 -0.00320133
2843824084 -0.00119379
1206731532 -0.000644441
2084248659 -0.0250869
4112518923 -0.166121
3196305184 -0.00323174
3450350195 -0.00395219
4160373385 -0.0175807
3179128925 -0.000266182
236369400 -0.00936348
367814234 -0.00482487
75549082 -0.0137959
60608086 -0.00936348
726748024 -0.0020331
391600216 -0.0137959
3501619897 -0.015048
3828226200 -0.076833
952898568 -0.00108179
2999558953 -0.166121
1214198145 -0.00600455
862088666 -0.101281
1692767744 -0.076833
346332184 -0.00373308
3256501030 -0.0174198
76750958 -0.00470574
417937679 0.00205563
2026563337 0.00392798
847094226 -0.0174198
1639781972 -0.000453078
2659434454 -0.00657651
570932490 -0.00600455
3651098565 -0.00484412
3957647522 -0.0265248
3928550205 -0.0265248
1853351806 -0.00609104
2865221492 -0.00101956
406984589 -0.0101843
3387954407 -0.00323174
3155893353 0.00205563
168721373 -0.105294
2864731008 0.00516453
1563778072 -0.0107294
3285021726 -0.00205498
3507834445 -0.0246824
3976027647 -0.00569325
3124735508 -0.0177637
2037897888 -0.00541283
1994507682 -0.166121
4077923174 -0.0914264
198393422 -0.0104956
2722766595 -0.0421022
2009499608 -0.0191617
2131827147 -0.0175807
240321797 -0.00603335
1957257775 -0.00661835
1430112322 -0.166121
1068486945 -0.166121
2069823505 -0.00155431
1759058572 -0.00470574
2253088079 -0.000135114
4157794503 -0.00412436
2467071049 -0.166121
2023937645 -0.0330192
1599691429 -0.011397
4284594406 -0.0182257
1106053494 -0.0182257
2076461858 0.00516453
187665100 -0.00323174
642521268 -0.0109385
1560336220 -0.0174198
32842310 -0.00106674
3514939599 -0.00609104
3520458539 0.000977343
3285475889 -0.000151547
2739982436 -0.00403424
2348409359 -0.0101843
1461071546 -0.0101843
1502963371 -0.0125129
1460428146 -0.0265248
3395777971 -0.000770383
2641233962 -0.1123
1955984430 -0.00471925
870977072 -0.00106674
2992361098 -0.101281
1956232018 -0.0265248
2127797818 -0.00616469
24766274 -0.0109385
4205517319 -0.1123
4167359922 -0.015048
2728127955 -0.0175807
1304272554 -0.0250869
53654230 -0.00412436
2633191638 -0.0191617
609342700 -0.00809299
4068714951 -0.0314875
4153900588 -0.00609104
1879909838 -0.0182257
3295815498 -0.0177637
3175070855 -0.0464576
3615457753 -0.011397
409439540 -0.0464576
2996734433 -0.0265248
3010975974 -0.00600455
3014984883 -0.00373592
3997492553 -0.0125129
414185897 -0.0125129
503113475 0.00120381
3490111306 -0.0155956
3002809686 -0.00440924
2528188504 -0.00310445
3307149330 -0.0074001
4072636110 -0.00792861
867396152 -0.0125129
2669474086 -0.00655627
1840549049 -0.00792861
1300419333 -0.00106674
3650476081 -0.0246824
2589233783 -0.0486814
967194564 -0.00395219
3408801716 -0.011397
309476610 -0.0137959
3201352653 -0.00609104
2999644973 -0.0155956
144944517 -0.0513295
2722132332 -0.0445206
78039833 -0.0182257
3904323026 -0.00226755
2809633026 0.00205563
4093622152 -0.0074001
1816786186 -0.0189651
816205235 -0.0189651
2739197308 -0.00465638
3661966879 -0.0201637
3676840785 -0.00728291
3162095595 0.00516453
4100164576 0.00392798
2747169221 -0.00101956
755151769 -0.00410086
2342242945 -0.00657651
3622032981 -0.0190168
3468144064 -0.0486814
2621622536 -0.166121
2965166580 -0.0914264
777599666 -0.00541283
1668394961 -0.105294
4167620350 -0.00541283
789587149 -0.0155956
2597147609 -0.00304892
4137844462 -0.0020331
138957387 -0.00410086
1688910903 -0.0246824
1358373431 -0.00484412
2949164478 -0.00603335
4258525089 -0.166121
3284042598 -0.000323742
2123068591 -0.00581157
2913616310 -0.0137959
1747869855 -0.0203667
3824128002 -0.00792861
2603231137 -0.00208939
303606737 -0.00395219
722686710 -0.00809299
677201290 -0.00778414
3756591986 -0.00119379
450879470 0.00120381
2919392317 -0.00661835
664194804 -0.0464576
989097633 -0.14919
3422913332 -0.0191617
2496582483 -0.00661835
1299330628 -0.00543828
1552103602 -0.166121
2394532093 -0.00155431
2870066588 0.00205563
1141674736 -0.00119379
3223614919 -0.00410086
3241095964 -0.0101843
943524439 -0.00655627
1728049363 -0.0125129
746426500 -0.00124565
340020233 -0.00471925
2125847845 -0.00581157
941971035 0.00516453
340283560 -0.0308829
1800304628 -0.0122749
992372818 -0.00581157
2730127352 -0.101281
1638609704 -0.0238133
3573108544 0.00205563
3679368291 -0.00237746
3244275741 -0.00936348
1402554340 -0.00603335
1080665860 -0.0182257
2369629527 -0.0464576
1659218527 -0.016525
3028467478 -0.00304892
1643589477 -0.0203667
3768420552 -0.0464576
3390545656 -0.00470574
3578303371 -0.0314875
4214050840 0.00392798
3499659669 0.00392798
2320719623 0.00392798
394783903 -0.00304892
2824890499 -0.166121
2468550792 -0.000770383
2429821563 -0.166121
630890747 -0.0314875
1157734194 -0.166121
837496238 -0.00484412
3178482882 -0.0020331
1460362125 -0.0336365
4013197400 0.00709787
2012617064 -0.1123
1231414037 -0.00155431
2372549128 -0.0104956
3227208719 0.00120381
511244140 -0.0101843
3962483774 -0.00312379
246159599 0.00552657
1331964967 -0.166121
609703868 -0.0102282
535941527 -0.0104956
261504711 -0.016525
2257091313 -0.0246824
4218145990 -0.0250869
