417937679 0.00256441
1692767744 -0.0852408
3269753752 -0.0281889
2348409359 -0.00227705
1068486945 -0.149682
4181232444 -0.0574643
587092444 -0.00600454
2001570321 -0.000770016
816205235 -0.0113179
350495454 -0.00211478
409439540 -0.0746671
2320719623 0.00370217
4214050840 0.00370217
4100164576 0.00370217
726748024 -0.00517157
1342157981 -0.0113179
2051163565 -0.0125063
1555760317 -0.00130294
4157794503 -0.00674007
2117133652 -0.00130294
2076461858 0.00158057
2208327497 -0.0100724
1025604564 -0.000155284
648299962 -0.0125063
2809633026 0.00256441
3340113727 -0.000160016
4210192640 -0.00527522
3397201191 -0.00140023
609342700 -0.00679388
2026563337 0.00370217
3611081134 -0.0037007
3192530948 -0.00158255
2870066588 0.00256441
4145317105 -0.00186851
408795628 -0.0100037
1890888466 -0.00440452
2247380215 -0.0129922
3113006428 -0.0240198
1331964967 -0.149682
2496582483 -0.000160016
60608086 -0.00568873
1840549049 -0.00523251
4072636110 -0.00523251
3220415338 -0.000157208
503523818 -0.149682
777599666 -0.00142774
2999644973 -0.0100724
3284042598 -0.00600528
362647885 -0.0688568
331219308 -0.149682
236369400 -0.00568873
664194804 -0.0746671
2589233783 -0.0414319
1668202269 -0.0240198
2353789938 -0.0107236
694678698 -0.00393061
3676840785 -0.00273116
103118721 -0.00186851
3155893353 0.00256441
3210259165 -0.00228286
1886085176 -0.00110305
3327645142 -0.00149201
1379313878 -0.0120003
1193443314 -7.3276e-05
1685386623 -0.00149201
3586533348 -0.000160016
3701340724 -0.00130294
2626831277 -0.0153124
1019609506 -0.0153124
594719562 -0.00215311
3484842215 -0.149682
3889918511 -0.00671891
854720261 -0.00679388
2569680726 -0.00482453
2808859044 -0.0849761
3419577079 -0.0153124
3605202573 -0.00149201
3768420552 -0.0746671
2843824084 -0.00215311
814323586 -0.0114462
649420955 -0.00456979
1994507682 -0.149682
3244275741 -0.00568873
4097946403 -0.00910699
2372549128 -0.00910699
2103863861 -0.000155284
3179128925 -0.00287562
1227902734 -0.0105752
31130388 0.00158057
3513799629 -0.0129922
144944517 -0.0439354
992372818 -0.00527522
2728127955 -0.013169
1348676663 -0.0120736
3584128014 -0.00122022
3347912765 -0.00110305
3119150608 -0.00382117
2201423994 -0.0125063
3507834445 -0.0281889
2159361327 -0.00224598
2636560243 -0.0120003
3110804562 -0.00157494
4137844462 -0.00517157
3651098565 -0.00211478
2722132332 -0.0413389
78039833 -0.0134953
198393422 -0.00910699
4093622152 -0.00456979
3376545127 -0.00157494
2467071049 -0.149682
3828946292 -0.00157494
1879909838 -0.0134953
2169194919 -0.149682
340020233 -0.0037007
220906968 -0.00224598
3957647522 -0.0208519
1816786186 -0.0113179
1956232018 -0.0208519
1560336220 -0.0172247
24766274 -0.0107236
1214198145 -0.00592694
862088666 -0.0849761
3784310625 -0.0852408
687381725 -0.010024
1402554340 -0.00671891
3413310241 -0.0236193
609703868 -0.00972667
2864731008 0.00158057
168721373 -0.100773
4284594406 -0.0134953
242579288 -0.0100037
3754452299 -0.149682
1167497649 -0.000155284
3928550205 -0.0208519
4072383076 -0.0761566
562900972 -0.0240198
2203438724 -0.0893615
4112518923 -0.149682
3159882689 -0.0240198
1317514601 -0.00110305
3661966879 -0.0240198
1624232979 -0.00149201
484309559 -0.0129922
2621622536 -0.149682
3490111306 -0.0100724
240321797 -0.00671891
40996090 -0.0236193
755151769 -0.00482453
4073368448 0.00301441
3524065126 -0.149682
611520789 -0.00157494
4167359922 -0.0129922
3904323026 -0.0110449
1502963371 -0.0104322
2127797818 -0.0110569
75549082 -0.00784702
3028467478 -0.000722928
3289177414 -0.000302415
3501619897 -0.0129922
391600216 -0.00784702
2511575324 -0.0852408
2730127352 -0.0849761
3068065464 -0.00324205
1644060018 -0.00140023
2503218473 -0.00156171
2597147609 -0.000722928
3578303371 -0.0574643
2213670597 -0.000155284
3295815498 -0.0125063
916791228 -0.0317712
1955002940 -0.0120003
3828226200 -0.0852408
2999558953 -0.149682
3824128002 -0.00523251
1747869855 -0.0153124
1886972492 -0.0419664
2992361098 -0.0849761
847094226 -0.0172247
1090243453 -0.000189837
989097633 -0.109627
1157734194 -0.149682
3201352653 -0.00837276
3876134116 -0.0145703
2131827147 -0.013169
2778546339 -0.00606078
3512686521 -0.00674007
3454216039 -0.0236193
2996734433 -0.0208519
3514939599 -0.00837276
3043722395 -0.00156171
1106053494 -0.0134953
53654230 -0.00674007
309476610 -0.00784702
1461071546 -0.00227705
3422913332 -0.0100037
3468144064 -0.0414319
1080665860 -0.0134953
1088945299 -0.0113179
1083394991 -0.0574643
3010975974 -0.00592694
570932490 -0.00592694
2099288197 -0.00592694
4160373385 -0.013169
3473645296 -0.00382117
867396152 -0.0104322
503113475 0.00301441
1139488070 -0.0444743
813781066 -0.0107236
394783903 -0.000722928
3307149330 -0.00456979
1599691429 -0.00382117
4218091012 -0.00910699
2369629527 -0.0746671
1314161884 -0.00156171
414185897 -0.0104322
540093018 -0.00498
2588037217 -0.00592694
2949164478 -0.00671891
1430112322 -0.149682
1688910903 -0.0281889
1794856285 -0.00600454
3408801716 -0.00382117
2739197308 -0.0103922
3175070855 -0.0746671
3615457753 -0.00382117
1944161631 -0.0105752
4077923174 -0.0893615
3992833684 -0.0145486
3256501030 -0.0172247
3650476081 -0.0281889
2934824804 -0.149682
33450972 -0.00292789
1855717160 -0.00224598
2009499608 -0.0100037
2633191638 -0.0100037
2337062318 -0.00157494
1460428146 -0.0208519
2353315960 -0.0107236
2342242945 -0.00606078
2123068591 -0.00527522
3103721368 -0.00517157
3997492553 -0.0104322
1649915976 -0.0010127
2282412694 -0.0414319
3153662117 -0.00298604
2669474086 -0.00600454
1955984430 -0.0037007
2655866658 -0.00517157
1214918195 -0.100773
3241095964 -0.00227705
943524439 -0.00600454
2037897888 -0.00142774
1999760145 -0.00140023
3276042364 -0.00156171
2398087802 -0.0022945
3390545656 -0.00186851
346332184 -0.00147098
1208828684 -0.0120003
2813716466 -0.00292789
2824890499 -0.149682
3622032981 -0.0147727
1830739977 -0.00224598
1874121111 -0.00130294
1728049363 -0.0104322
348965350 -0.0909123
1358373431 -0.00211478
1638609704 -0.0267916
1659218527 -0.0236193
4049155636 -0.0100724
2722766595 -0.0333803
4085699543 -0.0125852
600785841 -0.0172247
4150456259 -0.0194254
722599523 -0.000205119
1853351806 -0.00837276
3040627814 -0.00482453
941971035 0.00158057
1957257775 -0.000160016
2919392317 -0.000160016
789587149 -0.0100724
4167620350 -0.00142774
1696892145 -0.00142774
406984589 -0.00227705
2913616310 -0.00784702
2183104177 -0.00149201
1759058572 -0.00186851
76750958 -0.00186851
3454942386 -0.149682
3756591986 -0.00215311
677201290 -0.0105752
1563778072 -0.00224598
652877872 -0.00568873
2659434454 -0.00606078
4153900588 -0.00837276
4068714951 -0.0574643
1823791746 -0.00156171
1610117894 -0.00215311
3077625518 -0.0317712
3227208719 0.00301441
722686710 -0.00679388
3040060696 -0.00679388
2429821563 -0.149682
450879470 0.00301441
2668910186 -0.00142774
1552103602 -0.149682
1196281327 -0.00140023
261504711 -0.0236193
960766302 -0.00606078
837496238 -0.00211478
138957387 -0.00482453
2924471996 -0.0414319
4250451206 -0.0039251
3162095595 0.00158057
2899628589 -0.00140023
1412340566 -0.00661083
2040498248 -0.00146378
511244140 -0.00227705
2272255135 -0.0120003
3679368291 -0.00435435
2125847845 -0.00527522
1390021017 -0.00292789
1460362125 -0.0303204
2192770400 -0.0849761
2822609060 -0.0037007
3124735508 -0.0125063
246159599 0.00571501
3808351211 -0.0317712
3178482882 -0.00517157
2798145565 -0.000722928
2216935762 -0.00674007
3573108544 0.00256441
1614564814 -0.0852408
1668394961 -0.100773
630890747 -0.0574643
1800304628 -0.0126762
4258525089 -0.149682
4259269111 -0.00523251
2965166580 -0.0893615
340283560 -0.0295697
3223614919 -0.00482453
1023510474 -0.0317712
2166721244 -0.00130294
949498507 -0.000155284
3499659669 0.00370217
4013197400 0.00471688
535941527 -0.00910699
642521268 -0.0107236
2919182003 -0.00600454
1141674736 -0.00215311
2023937645 -0.0317712
506765730 -0.0105752
2832312000 -0.0849761
3962483774 -0.00334891
788013522 -0.00110305
1032703249 -0.00292789
1643589477 -0.0153124
2257091313 -0.0281889
2603231137 -0.0028976
