3611081134 -0.00194149
4137844462 -0.0046056
3473645296 -0.00739088
1068486945 -0.151422
3340113727 -0.00543095
587092444 -0.00540628
4181232444 -0.0530158
60608086 -0.00719792
1331964967 -0.151422
3077625518 -0.0333733
648299962 -0.0125307
3402335971 -0.00135117
4210192640 -0.000976989
1835131512 -9.65814e-06
1193443314 -0.00493531
626515826 -9.65814e-06
414185897 -0.00634842
3159882689 -0.0146338
2123068591 -0.000976989
2398048056 -0.000602173
2051163565 -0.0125307
2429821563 -0.151422
3155893353 0.00265484
40996090 -0.0196171
3679051953 -0.000606366
2809633026 0.00265484
1088945299 -0.0147705
3454942386 -0.151422
503523818 -0.151422
406984589 -0.00800145
3113006428 -0.0146338
3679368291 -0.0030738
2924471996 -0.0317175
4250451206 -0.00200555
409439540 -0.0665785
4214050840 0.00360499
2636560243 -0.0104056
916791228 -0.0333733
1342157981 -0.0147705
3014335135 -0.00408363
403868960 -0.00109284
484309559 -0.0130154
2496582483 -0.00543095
3828226200 -0.0929979
1080665860 -0.0145901
198393422 -0.00693652
2372549128 -0.00693652
3413310241 -0.0196171
3586533348 -0.00543095
854720261 -0.00272403
4160373385 -0.0130212
722599523 -0.00144047
777599666 -0.00572362
3223614919 -0.0038773
3408801716 -0.00739088
2569680726 -0.0038773
340020233 -0.00194149
1019609506 -0.0152798
2247380215 -0.0130154
4167359922 -0.0130154
1379313878 -0.0104056
3573108544 0.00265484
1957257775 -0.00543095
1106053494 -0.0145901
2076461858 0.00330986
2001570321 -0.00194268
816205235 -0.0147705
2203438724 -0.0881679
3103721368 -0.0046056
3284042598 -0.00507932
1886972492 -0.0386088
1139488070 -0.0421445
4100164576 0.00360499
31130388 0.00330986
2864731008 0.00330986
2099288197 -0.00496771
2208327497 -0.015969
4258915161 -0.000229978
726748024 -0.0046056
2922694512 -0.00525237
4205517319 -0.0235819
2201423994 -0.0125307
3524065126 -0.151422
1692767744 -0.0929979
1214918195 -0.0995778
535941527 -0.00693652
1042673590 -0.0235819
1599691429 -0.00739088
890882249 -0.000602173
813781066 -0.0114845
2037212670 -0.00279265
1879909838 -0.0145901
677201290 -0.00710333
3468144064 -0.0317175
3622032981 -0.0190869
2621622536 -0.151422
3650476081 -0.0202571
1668202269 -0.0146338
1227902734 -0.00710333
1563778072 -0.00935638
2722132332 -0.0389176
78039833 -0.0145901
3263170829 -0.000606366
2597147609 -0.000587497
3957647522 -0.0186401
1208828684 -0.0104056
3512686521 -0.00307388
3454216039 -0.0196171
2996734433 -0.0186401
1605803999 -9.6272e-05
3183445406 -0.00109284
3416930943 -0.000183524
652877872 -0.00719792
562900972 -0.0146338
4085699543 -0.00708205
1728049363 -0.00634842
4013197400 0.00708717
2482735721 -0.000179022
2822609060 -0.00194149
3928550205 -0.0186401
2012617064 -0.0235819
2824890499 -0.151422
408795628 -0.0112328
2934824804 -0.151422
24766274 -0.0114845
2037897888 -0.00572362
989097633 -0.115176
2626831277 -0.0152798
3824128002 -0.00733797
1747869855 -0.0152798
75549082 -0.0084234
649420955 -0.00249102
236369400 -0.00719792
1890888466 -0.00512388
1083394991 -0.0530158
3847416722 -0.00109284
3490111306 -0.015969
3484842215 -0.151422
2722766595 -0.034246
4153900588 -0.00696445
4068714951 -0.0530158
4150456259 -0.0203278
2125847845 -0.000976989
694678698 -0.00164788
1552103602 -0.151422
328194109 -0.00788029
1409846937 -0.000602173
2870066588 0.00265484
630890747 -0.0530158
888806534 0.00185138
1302023562 -0.000179022
3754452299 -0.151422
4112518923 -0.151422
3227208719 0.00306242
2246796934 -0.000606366
2282412694 -0.0317175
1162815543 -0.00109284
331219308 -0.151422
362647885 -0.0706672
3661966879 -0.0146338
240321797 -0.0100262
2511575324 -0.0929979
2730127352 -0.0867711
755151769 -0.0038773
4073368448 0.00306242
1816786186 -0.0147705
3124735508 -0.0125307
2813716466 -0.00429311
1430112322 -0.151422
340283560 -0.0287757
2999558953 -0.151422
2808859044 -0.0867711
2353789938 -0.0114845
1855717160 -0.00935638
3256501030 -0.0122642
303606737 -0.000229978
2832312000 -0.0867711
2459566987 -0.00279265
3784310625 -0.0929979
4218091012 -0.00693652
2253595540 -9.65814e-06
2992361098 -0.0867711
1296614974 -0.000606366
1402554340 -0.0100262
4072383076 -0.0688113
2728127955 -0.0130212
1560336220 -0.0122642
3201352653 -0.00696445
3269753752 -0.0202571
2999644973 -0.015969
3241095964 -0.00800145
943524439 -0.00540628
3507834445 -0.0202571
1348676663 -0.00847964
1955002940 -0.0104056
1830739977 -0.00935638
2272255135 -0.0104056
3340792401 -0.00279265
867396152 -0.00634842
3876134116 -0.014217
2131827147 -0.0130212
53654230 -0.00307388
309476610 -0.0084234
3992833684 -0.0113178
33450972 -0.00429311
3984727704 -0.00279265
3150064701 -0.00109284
3576510868 -0.0235819
4157794503 -0.00307388
2467071049 -0.151422
3162095595 0.00330986
3501619897 -0.0130154
814323586 -0.00283582
2348409359 -0.00800145
2949164478 -0.0100262
3676840785 -0.00908412
220906968 -0.00935638
1944161631 -0.00710333
687381725 -0.00774966
2127797818 -0.00734898
4077923174 -0.0881679
4097946403 -0.00693652
4167620350 -0.00572362
789587149 -0.015969
1994507682 -0.151422
3997492553 -0.00634842
3904323026 -0.008786
1840549049 -0.00733797
503113475 0.00306242
2633191638 -0.0112328
2353315960 -0.0114845
1461071546 -0.00800145
1502963371 -0.00634842
511244140 -0.00800145
3889918511 -0.0100262
1659218527 -0.0196171
540093018 -0.00368386
4072636110 -0.00733797
3295815498 -0.0125307
3175070855 -0.0665785
3615457753 -0.00739088
2798145565 -0.000587497
2342242945 -0.006338
2778546339 -0.006338
261504711 -0.0196171
417937679 0.00265484
3040627814 -0.0038773
1032703249 -0.00429311
967194564 -0.000229978
2589233783 -0.0317175
1688910903 -0.0202571
570932490 -0.00496771
2026563337 0.00360499
1955984430 -0.00194149
394783903 -0.000587497
1417015101 -0.00226788
3540489244 0.00185138
3140841674 0.00185138
1512653729 -0.000602173
609342700 -0.00272403
3419577079 -0.0152798
2919392317 -0.00543095
2739197308 -0.0114956
450879470 0.00306242
1460362125 -0.0307874
242579288 -0.0112328
1638609704 -0.0161512
2169194919 -0.151422
1956232018 -0.0186401
2009499608 -0.0112328
2641233962 -0.0235819
3514939599 -0.00696445
2913616310 -0.0084234
3307149330 -0.00249102
2159361327 -0.00935638
992372818 -0.000976989
4049155636 -0.015969
1853351806 -0.00696445
2320719623 0.00360499
2669474086 -0.00540628
1214198145 -0.00496771
862088666 -0.0867711
3040060696 -0.00272403
3244275741 -0.00719792
3578303371 -0.0530158
3153662117 -0.00696328
664194804 -0.0665785
3422913332 -0.0112328
4093622152 -0.00249102
2655866658 -0.0046056
246159599 0.00578804
3077701824 -0.000229978
3010975974 -0.00496771
1668394961 -0.0995778
3178482882 -0.0046056
1696892145 -0.00572362
1507441971 -0.00262377
138957387 -0.0038773
3028467478 -0.000587497
722686710 -0.00272403
2659434454 -0.006338
506765730 -0.00710333
1390021017 -0.00429311
2668910186 -0.00572362
284523024 -0.000179022
1810116173 -0.000179022
144944517 -0.0440452
565737463 -9.65814e-06
3450350195 -0.000229978
642521268 -0.0114845
2216935762 -0.00307388
609703868 -0.00978741
1800304628 -0.0130046
2192770400 -0.0867711
1720049421 0.00185138
2369629527 -0.0665785
1023510474 -0.0333733
2603231137 -0.00630198
4259269111 -0.00733797
941971035 0.00330986
3808351211 -0.0333733
1614564814 -0.0929979
2588037217 -0.00496771
847094226 -0.0122642
1643589477 -0.0152798
348965350 -0.0820586
3919903512 -9.65814e-06
3513799629 -0.0130154
960766302 -0.006338
2919182003 -0.00540628
2023937645 -0.0333733
3587980260 -0.000606366
2965166580 -0.0881679
4284594406 -0.0145901
1157734194 -0.151422
346332184 -0.00475627
3499659669 0.00360499
3768420552 -0.0665785
3280513190 -0.000179022
3962483774 -0.00808622
973209806 -0.000602173
1460428146 -0.0186401
168721373 -0.0995778
3119150608 -0.00739088
391600216 -0.0084234
4258525089 -0.151422
1794856285 -0.00540628
2257091313 -0.0202571
600785841 -0.0122642
