414185897 -0.0160722
2076461858 0.00271342
2798145565 -0.00525662
2208327497 -0.0135287
4210192640 -0.00363369
3454942386 -0.168032
2051163565 -0.0142465
3454216039 -0.0260193
3573108544 0.00196727
3357176065 -0.000562439
1994507682 -0.168032
3159882689 -0.0232251
3520458539 0.000219928
362647885 -0.0824875
331219308 -0.168032
1214198145 -0.00685281
2843824084 -0.00582385
648299962 -0.0142465
2320719623 0.00375027
4214050840 0.00375027
4100164576 0.00375027
2348409359 -0.0114068
1649915976 -0.000493845
1956232018 -0.0254128
138957387 -0.00384529
3507834445 -0.0304296
3512686521 -0.00485818
2603231137 -0.00321229
726748024 -0.00238191
1747869855 -0.0155324
3824128002 -0.00414129
1840549049 -0.00414129
4072636110 -0.00414129
4259269111 -0.00414129
816205235 -0.0209065
2001570321 -0.000954485
417937679 0.00196727
2201423994 -0.0142465
503523818 -0.168032
2131827147 -0.0190859
4013197400 0.00359626
587092444 -0.00979168
4160373385 -0.0190859
603145376 -0.00898985
4258127227 -0.00898985
511244140 -0.0114068
3679368291 -0.00256289
4073368448 0.00433634
2636560243 -0.0126304
1944161631 -0.00848137
1890888466 -0.0042926
992372818 -0.00363369
2899628589 -0.00220911
1080665860 -0.0181925
619514656 -0.000715815
3484842215 -0.168032
3413310241 -0.0260193
670252519 -0.000906049
4145317105 -0.00110522
3419577079 -0.0155324
1348676663 -0.00569676
1816786186 -0.0209065
1379313878 -0.0126304
2996734433 -0.0254128
2353789938 -0.0111491
2459566987 -0.00481845
3984727704 -0.00481845
220906968 -0.00347077
346332184 -6.61347e-05
3077701824 -0.00311651
1879909838 -0.0181925
4258915161 -0.00311651
303606737 -0.00311651
1999760145 -0.00220911
1955002940 -0.0126304
2084248659 -0.00898985
354419800 -0.000562439
3876134116 -0.00965062
948043381 -0.00432167
2750319301 -0.00102358
3524065126 -0.168032
2342242945 -0.00496549
240321797 -0.0143109
75549082 -0.0150462
367814234 -0.00557136
694678698 -0.00353738
649420955 -0.00746095
2216935762 -0.00485818
3768420552 -0.044664
1460362125 -0.0379571
854720261 -0.00707512
1208828684 -0.0126304
1139488070 -0.0442182
1886972492 -0.0473564
1019609506 -0.0155324
3586533348 -0.00566429
3992833684 -0.0105611
1299330628 -0.00551767
2282412694 -0.0465412
2496582483 -0.00566429
4205517319 -0.114397
2965166580 -0.0997331
1502963371 -0.0160722
1461071546 -0.0114068
1728049363 -0.0160722
784611069 -0.00600808
246159599 0.00605241
242579288 -0.0171823
2169194919 -0.168032
562900972 -0.0232251
2655866658 -0.00238191
236369400 -0.00673474
2864731008 0.00271342
168721373 -0.113316
1196281327 -0.00220911
3402335971 -0.0049343
941971035 0.00271342
1042673590 -0.114397
722686710 -0.00707512
1106053494 -0.0181925
2641233962 -0.114397
2700839685 -0.000562439
3904323026 -0.00698859
3179128925 -0.000406238
3957647522 -0.0254128
2589233783 -0.0465412
967194564 -0.00311651
3284042598 -0.00350256
3535580163 -2.38949e-05
1614564814 -0.082909
2992361098 -0.0970488
328194109 -0.00416837
916791228 -0.0393336
3295815498 -0.0142465
3676840785 -0.00997139
4218091012 -0.013371
1162815543 -0.000220058
1599691429 -0.00656891
3269753752 -0.0304296
3183445406 -0.000220058
2372549128 -0.013371
3290022460 -2.38949e-05
3153662117 -0.000588283
2353315960 -0.0111491
1644060018 -0.00220911
3068065464 -0.00149482
2272255135 -0.0126304
3473645296 -0.00656891
3928550205 -0.0254128
2369629527 -0.044664
103118721 -0.00110522
2009499608 -0.0171823
484309559 -0.016679
2808859044 -0.0970488
2999558953 -0.168032
2528188504 -0.00537945
594719562 -0.00582385
4157794503 -0.00485818
3576510868 -0.114397
2467071049 -0.168032
340020233 -0.00301105
403868960 -0.000220058
2037897888 -0.00640468
2669474086 -0.00979168
1955984430 -0.00301105
4284594406 -0.0181925
3651098565 -0.00139721
4258525089 -0.168032
3340113727 -0.00566429
3196305184 -0.00600808
862088666 -0.0970488
109331286 -0.0021542
2159361327 -0.00347077
1304272554 -0.00898985
53654230 -0.00485818
1083394991 -0.0387303
1088945299 -0.0209065
3847416722 -0.000220058
3661966879 -0.0232251
187665100 -0.00600808
2317159977 -2.38949e-05
989097633 -0.155593
3094506940 -2.38949e-05
31130388 0.00271342
2511575324 -0.082909
2728127955 -0.0190859
3514939599 -0.00755549
1560336220 -0.0199167
348965350 -0.0944953
1227902734 -0.00848137
2192770400 -0.0970488
3976027647 -0.00998463
4112518923 -0.168032
3113006428 -0.0232251
4181232444 -0.0387303
1009526621 -0.000491891
3784310625 -0.082909
2633191638 -0.0171823
3650476081 -0.0304296
2123068591 -0.00363369
3244275741 -0.00673474
1668202269 -0.0232251
2105107960 -0.000715815
3040060696 -0.00707512
2597147609 -0.00525662
4072383076 -0.0458272
2919392317 -0.00566429
3201352653 -0.00755549
4153900588 -0.00755549
3591675061 -0.000906049
3077625518 -0.0393336
261504711 -0.0260193
1402554340 -0.0143109
3997492553 -0.0160722
540093018 -0.00511768
450879470 0.00433634
2127797818 -0.00660841
2923099083 -0.000906049
2722132332 -0.0489842
78039833 -0.0181925
4093622152 -0.00746095
3408801716 -0.00656891
40996090 -0.0260193
609703868 -0.00665694
4077923174 -0.0997331
3307149330 -0.00746095
3002809686 -0.00661908
2099288197 -0.00685281
3501619897 -0.016679
309476610 -0.0150462
4232514080 -3.61946e-05
3889918511 -0.0143109
4167359922 -0.016679
2722766595 -0.0365803
4218145990 -0.00898985
1412340566 -0.00261828
3010975974 -0.00685281
406984589 -0.0114068
943524439 -0.00979168
3241095964 -0.0114068
1068486945 -0.168032
1342157981 -0.0209065
3175070855 -0.044664
2809633026 0.00196727
1659218527 -0.0260193
3119150608 -0.00656891
3615457753 -0.00656891
4137844462 -0.00238191
1417015101 -0.00230352
3611081134 -0.00301105
1214918195 -0.113316
408795628 -0.0171823
3150064701 -0.000220058
3390545656 -0.00110522
1460428146 -0.0254128
1668394961 -0.113316
1853351806 -0.00755549
144944517 -0.0531992
1688910903 -0.0304296
1855717160 -0.00347077
1830739977 -0.00347077
2569680726 -0.00384529
3040627814 -0.00384529
3223614919 -0.00384529
24766274 -0.0111491
814323586 -0.00311015
2934824804 -0.168032
960766302 -0.00496549
2659434454 -0.00496549
2778546339 -0.00496549
2626831277 -0.0155324
4097946403 -0.013371
340283560 -0.031325
33450972 -0.00170571
2125847845 -0.00363369
1032703249 -0.00170571
2668910186 -0.00640468
721618146 -0.000906049
600785841 -0.0199167
1696892145 -0.00640468
3285021726 -0.0023996
3155893353 0.00196727
1759058572 -0.00110522
2588037217 -0.00685281
3711008206 -0.000715815
3450350195 -0.00311651
2257091313 -0.0304296
1692767744 -0.082909
3622032981 -0.0203204
2443955494 -0.000491891
1842653347 -0.000491891
664194804 -0.044664
60608086 -0.00673474
3124735508 -0.0142465
4150456259 -0.0316962
3103721368 -0.00238191
3178482882 -0.00238191
642521268 -0.0111491
813781066 -0.0111491
3028467478 -0.00525662
1957257775 -0.00566429
2026563337 0.00375027
2621622536 -0.168032
755151769 -0.00384529
789587149 -0.0135287
4167620350 -0.00640468
2037212670 -0.00481845
4049155636 -0.0135287
677201290 -0.00848137
3756591986 -0.00582385
3499659669 0.00375027
3422913332 -0.0171823
3274511591 -0.000715815
2739197308 -0.00308842
2730127352 -0.0970488
3256501030 -0.0199167
2922694512 -0.00731788
609342700 -0.00707512
2913616310 -0.0150462
2870066588 0.00196727
3468144064 -0.0465412
2999644973 -0.0135287
1141674736 -0.00582385
350495454 -0.00139721
2949164478 -0.0143109
60313977 -0.011632
777599666 -0.00640468
1563778072 -0.00347077
409439540 -0.044664
3340792401 -0.00481845
867396152 -0.0160722
1638609704 -0.0235482
837496238 -0.00139721
394783903 -0.00525662
198393422 -0.013371
570932490 -0.00685281
3162095595 0.00271342
4252437569 -0.00203259
174105210 -0.00894255
1358373431 -0.00139721
4085699543 -0.00627011
687381725 -0.00944566
3227208719 0.00433634
2813716466 -0.00170571
2247380215 -0.016679
1654574500 -0.000491891
847094226 -0.0199167
2832312000 -0.0970488
1643589477 -0.0155324
3387954407 -0.00600808
535941527 -0.013371
3754452299 -0.168032
3210259165 -0.00408774
1023510474 -0.0393336
3828226200 -0.082909
3578303371 -0.0387303
3962483774 -0.00210901
1331964967 -0.168032
3808351211 -0.0393336
503113475 0.00433634
1610117894 -0.00582385
4166495700 -0.000562439
2919182003 -0.00979168
3014984883 -0.00953425
391600216 -0.0150462
1794856285 -0.00979168
3513799629 -0.016679
2023937645 -0.0393336
2203438724 -0.0997331
630890747 -0.0387303
76750958 -0.00110522
1430112322 -0.168032
3397201191 -0.00220911
1552103602 -0.168032
506765730 -0.00848137
2012617064 -0.114397
3490111306 -0.0135287
2924471996 -0.0465412
1800304628 -0.0128903
2429821563 -0.168032
1157734194 -0.168032
2824890499 -0.168032
652877872 -0.00673474
2822609060 -0.00301105
4068714951 -0.0387303
1390021017 -0.00170571
