3904323026 -0.00502516
3992833684 -0.0120228
2636560243 -0.0056315
4013197400 0.00223987
1500976953 -0.000414689
2117133652 -0.00306068
4250451206 -0.000973722
3484842215 -0.156904
2569680726 -0.0024723
503523818 -0.156904
3402335971 -0.00633564
1068486945 -0.156904
2208327497 -0.0124649
2320719623 0.00387267
4214050840 0.00387267
4100164576 0.00387267
2922694512 -0.00268801
3586533348 -0.00412299
3512686521 -0.00106524
949498507 -0.00336856
3615457753 -0.00533618
1042673590 -0.0691799
2551097216 -0.000511445
1840549049 -0.00645297
648299962 -0.0154471
3269753752 -0.0193488
3103721368 -0.00574988
4072383076 -0.0537458
948043381 -0.00723296
2750319301 -0.000185246
1139488070 -0.0445752
3274511591 -0.0010882
2293995760 -0.000908667
350495454 -0.00286492
2728127955 -0.0152901
1830739977 -0.0091555
40996090 -0.020776
3473645296 -0.00533618
1692767744 -0.0927146
1042957220 -0.000414689
4252437569 -0.00438834
511244140 -0.00699477
2051163565 -0.0154471
3390545656 -0.00165308
408795628 -0.011508
3119150608 -0.00533618
3340113727 -0.00412299
664194804 -0.0503292
694678698 -0.00291758
1720049421 0.00135651
1025604564 -0.00336856
1088945299 -0.0139572
1331964967 -0.156904
1879909838 -0.0175973
3284042598 -0.00489934
2429821563 -0.156904
2702431645 -0.000511445
1994507682 -0.156904
888806534 0.00135651
630890747 -0.0449655
2626831277 -0.0207925
1019609506 -0.0207925
600785841 -0.021687
2843824084 -0.00391472
609703868 -0.00978039
3711008206 -0.0010882
3984727704 -0.00158249
1944161631 -0.0106785
103118721 -0.00165308
2369629527 -0.0503292
687381725 -0.00907598
2201423994 -0.0154471
3622032981 -0.0164075
220906968 -0.0091555
3573108544 0.00155214
2125847845 -0.00370485
3159882689 -0.0153431
1759058572 -0.00165308
2496582483 -0.00412299
3376545127 -0.0018604
2353789938 -0.0138053
2808859044 -0.0961695
2813716466 -0.000403442
33450972 -0.000403442
1703983532 -0.000908667
594719562 -0.00391472
1402554340 -0.0058226
4210192640 -0.00370485
3340792401 -0.00158249
867396152 -0.00871311
2739197308 -0.00701376
3040060696 -0.00181685
1348676663 -0.00470817
331219308 -0.156904
362647885 -0.0813848
3611081134 -0.00204475
1610117894 -0.00391472
3501619897 -0.0121635
4218091012 -0.0127173
1649915976 -0.000286309
2655866658 -0.00574988
2076461858 0.00498287
726748024 -0.00574988
1639781972 -0.000256776
4167359922 -0.0121635
2621622536 -0.156904
75549082 -0.0123821
414185897 -0.00871311
1502963371 -0.00871311
1461071546 -0.00699477
814323586 -0.00197478
2105107960 -0.0010882
1956232018 -0.0173391
3784310625 -0.0927146
1560336220 -0.021687
2832312000 -0.0961695
1555760317 -0.00306068
2999644973 -0.0124649
1955002940 -0.0056315
1227902734 -0.0106785
3490111306 -0.0124649
242579288 -0.011508
611520789 -0.0018604
4150456259 -0.0303767
1167497649 -0.00336856
2459566987 -0.00158249
1080665860 -0.0175973
847094226 -0.021687
1668202269 -0.0153431
1193443314 -0.000499945
3701340724 -0.00306068
2588037217 -0.00416921
4258525089 -0.156904
562900972 -0.0153431
652877872 -0.00390619
816205235 -0.0139572
2001570321 -0.00124711
1214918195 -0.100302
4205517319 -0.0691799
941971035 0.00498287
1342157981 -0.0139572
4167620350 -0.00637483
789587149 -0.0124649
2934824804 -0.156904
3162095595 0.00498287
24766274 -0.0138053
1208828684 -0.0056315
3413310241 -0.020776
2992361098 -0.0961695
2131827147 -0.0152901
3889918511 -0.0058226
3979502784 -0.000792346
3808351211 -0.0313192
1816786186 -0.0139572
3754452299 -0.156904
3828226200 -0.0927146
2353315960 -0.0138053
1957257775 -0.00412299
2822609060 -0.00204475
3661966879 -0.0153431
2009499608 -0.011508
1668394961 -0.100302
340020233 -0.00204475
3676840785 -0.00319742
3220415338 -3.42172e-05
777599666 -0.00637483
4181232444 -0.0449655
60608086 -0.00390619
2809633026 0.00155214
3408801716 -0.00533618
1430112322 -0.156904
3347912765 -0.000657347
722599523 -0.00401474
4077923174 -0.0888332
2372549128 -0.0127173
1886972492 -0.0480317
2633191638 -0.011508
619514656 -0.0010882
4157794503 -0.00106524
3576510868 -0.0691799
2253088079 -0.0017508
2467071049 -0.156904
4112518923 -0.156904
3828946292 -0.0018604
2213670597 -0.00336856
1886085176 -0.000657347
1317514601 -0.000657347
540093018 -0.00430037
1563778072 -0.0091555
2511575324 -0.0927146
2730127352 -0.0961695
3113006428 -0.0153431
3077625518 -0.0313192
4160373385 -0.0152901
4284594406 -0.0175973
2722766595 -0.0327836
2864731008 0.00498287
2999558953 -0.156904
2949164478 -0.0058226
2012617064 -0.0691799
1379313878 -0.0056315
677201290 -0.0106785
3756591986 -0.00391472
3976027647 -0.00320732
3507834445 -0.0193488
2127797818 -0.0105076
3759931583 -0.000414689
236369400 -0.00390619
3244275741 -0.00390619
1358373431 -0.00286492
187665100 -0.00429592
2641233962 -0.0691799
484309559 -0.0121635
587092444 -0.00841551
2018492569 -0.00128698
1855717160 -0.0091555
3068673577 -0.00348031
3454216039 -0.020776
2996734433 -0.0173391
862088666 -0.0961695
1214198145 -0.00416921
2192770400 -0.0961695
1890888466 -0.0039251
1955984430 -0.00204475
1874121111 -0.00306068
138957387 -0.0024723
4097946403 -0.0127173
1728049363 -0.00871311
3201352653 -0.00798562
409439540 -0.0503292
916791228 -0.0313192
328194109 -0.00791758
1412340566 -0.00265229
813781066 -0.0138053
3928550205 -0.0173391
417937679 0.00155214
3155893353 0.00155214
837496238 -0.00286492
2919392317 -0.00412299
1853351806 -0.00798562
3957647522 -0.0173391
3962483774 -0.00686587
4085699543 -0.00595838
3241095964 -0.00699477
943524439 -0.00841551
3175070855 -0.0503292
3387954407 -0.00429592
3223614919 -0.0024723
3876134116 -0.0107822
2668910186 -0.00637483
854720261 -0.00181685
4093622152 -0.00510966
2597147609 -0.00412164
2870066588 0.00155214
3196305184 -0.00429592
406984589 -0.00699477
2342242945 -0.00517496
1614564814 -0.0927146
2659434454 -0.00517496
649420955 -0.00510966
2778546339 -0.00517496
3868288012 -0.000908667
2099288197 -0.00416921
240321797 -0.0058226
3454942386 -0.156904
2257091313 -0.0193488
4137844462 -0.00574988
2216935762 -0.00106524
2159361327 -0.0091555
1157734194 -0.156904
989097633 -0.137363
2881234071 -0.000908667
2120356631 0.000191716
3651098565 -0.00286492
4072636110 -0.00645297
2282412694 -0.038982
2123068591 -0.00370485
2321297459 -0.000908667
1638609704 -0.0196119
722686710 -0.00181685
76750958 -0.00165308
4068714951 -0.0449655
4153900588 -0.00798562
3514939599 -0.00798562
3419577079 -0.0207925
1688910903 -0.0193488
2913616310 -0.0123821
53654230 -0.00106524
309476610 -0.0123821
609342700 -0.00181685
4145317105 -0.00165308
3153662117 -0.000954531
3650476081 -0.0193488
2169194919 -0.156904
2337062318 -0.0018604
1460362125 -0.0344027
1747869855 -0.0207925
3824128002 -0.00645297
3998083561 -0.000511445
570932490 -0.00416921
2722132332 -0.0427376
78039833 -0.0175973
1106053494 -0.0175973
3256501030 -0.021687
394783903 -0.00412164
3307149330 -0.00510966
1083394991 -0.0449655
3422913332 -0.011508
3995046234 -0.000414689
3010975974 -0.00416921
3040627814 -0.0024723
755151769 -0.0024723
4259269111 -0.00645297
3768420552 -0.0503292
2669474086 -0.00841551
4049155636 -0.0124649
2026563337 0.00387267
2037897888 -0.00637483
1141674736 -0.00391472
3468144064 -0.038982
3679368291 -0.00299126
144944517 -0.0479519
3997492553 -0.00871311
2348409359 -0.00699477
3295815498 -0.0154471
2603231137 -0.00115
2103863861 -0.00336856
246159599 0.00648281
1659218527 -0.020776
348965350 -0.0796615
3068065464 -0.000433009
2037212670 -0.00158249
535941527 -0.0127173
3513799629 -0.0121635
960766302 -0.00517496
340283560 -0.0275392
1460428146 -0.0173391
784611069 -0.00429592
1800304628 -0.0107807
1390021017 -0.000403442
3143350086 -0.000511445
3110804562 -0.0018604
3540489244 0.00135651
1643589477 -0.0207925
3140841674 0.00135651
2272255135 -0.0056315
2589233783 -0.038982
168721373 -0.100302
2965166580 -0.0888332
4271463048 -0.000908667
1417015101 -0.00213756
2247380215 -0.0121635
31130388 0.00498287
642521268 -0.0138053
2798145565 -0.00412164
261504711 -0.020776
1552103602 -0.156904
391600216 -0.0123821
1696892145 -0.00637483
1023510474 -0.0313192
2924471996 -0.038982
3524065126 -0.156904
2824890499 -0.156904
1794856285 -0.00841551
3499659669 0.00387267
3578303371 -0.0449655
2023937645 -0.0313192
788013522 -0.000657347
3412363539 -0.000414689
1032703249 -0.000403442
198393422 -0.0127173
3028467478 -0.00412164
2919182003 -0.00841551
3124735508 -0.0154471
3178482882 -0.00574988
2203438724 -0.0888332
2166721244 -0.00306068
1599691429 -0.00533618
992372818 -0.00370485
506765730 -0.0106785
