3402335971 -0.00258254
2320719623 0.0039735
1068486945 -0.153612
3340113727 -0.00205226
1088945299 -0.0121311
1794856285 -0.0072982
2722766595 -0.0252706
2621622536 -0.153612
406984589 -0.0115321
3295815498 -0.0134052
1214198145 -0.00135862
3397201191 -0.000475405
362647885 -0.0683855
331219308 -0.153612
2076461858 0.00470498
816205235 -0.0121311
1816786186 -0.0121311
2809633026 0.00281541
1141674736 -0.00192369
511244140 -0.0115321
3014335135 -0.0028402
2342242945 -0.00443345
138957387 -0.00370504
2511575324 -0.0895418
2208327497 -0.0100159
2569680726 -0.00370504
1139488070 -0.0443244
694678698 -0.00142985
503523818 -0.153612
3454216039 -0.016143
2843824084 -0.00192369
3416930943 -0.00272202
2922694512 -0.00800882
2348409359 -0.0115321
3113006428 -0.0143185
2919182003 -0.0072982
2702431645 -0.00152481
240321797 -0.00798694
941971035 0.00470498
4153900588 -0.00401039
1009526621 -0.00333456
1644060018 -0.000475405
4205517319 -0.0593704
1999760145 -0.000475405
3153662117 -0.00074775
2551097216 -0.00152481
1994507682 -0.153612
3889918511 -0.00798694
2949164478 -0.00798694
594719562 -0.00192369
3413310241 -0.016143
648299962 -0.0134052
3140841674 0.00119586
948043381 -0.00240374
2750319301 -0.0048761
3284042598 -0.00358455
3244275741 -0.00489347
642521268 -0.00854593
103118721 -0.00279219
60608086 -0.00489347
31130388 0.00470498
236369400 -0.00489347
1083394991 -0.0408386
348965350 -0.0808633
417937679 0.00281541
2099288197 -0.00135862
2633191638 -0.0147812
1668202269 -0.0143185
989097633 -0.123466
3223614919 -0.00370504
2247380215 -0.00900992
414185897 -0.00849578
2353315960 -0.00854593
788013522 -0.000896508
3347912765 -0.000896508
755151769 -0.00370504
4073368448 0.00348878
1639781972 -0.000404855
4284594406 -0.0148615
2459566987 -0.0017979
1879909838 -0.0148615
3419577079 -0.0185006
1025604564 -0.000973129
3473645296 -0.00324173
3501619897 -0.00900992
1649915976 -0.00324096
4218091012 -0.0132576
3119150608 -0.00324173
3484842215 -0.153612
75549082 -0.0114998
2659434454 -0.00443345
2440147330 -0.00273737
1208828684 -0.00425862
4097946403 -0.0132576
3159882689 -0.0143185
2636560243 -0.00425862
1955002940 -0.00425862
1944161631 -0.00627003
1019609506 -0.0185006
408795628 -0.0147812
1193443314 -0.00113868
1842653347 -0.00333456
2999644973 -0.0100159
2120356631 0.000647428
4072636110 -0.00690001
3573108544 0.00281541
609703868 -0.00840057
1106053494 -0.0148615
1563778072 -0.00946257
3210259165 -0.00261383
4072383076 -0.0620426
1830739977 -0.00946257
587092444 -0.0072982
4181232444 -0.0408386
1502963371 -0.00849578
4252437569 -0.00282865
328194109 -0.00673995
4049155636 -0.0100159
1461071546 -0.0115321
3622032981 -0.0145826
1167497649 -0.000973129
1840549049 -0.00690001
2924471996 -0.0392186
562900972 -0.0143185
3422913332 -0.0147812
2778546339 -0.00443345
870977072 -0.00273737
1624232979 -5.26461e-05
3661966879 -0.0143185
2832312000 -0.0860623
1886972492 -0.0401185
570932490 -0.00135862
4108817096 -0.00014515
1379313878 -0.00425862
3408801716 -0.00324173
2425890976 -0.00273737
2934824804 -0.153612
1720049421 0.00119586
2722132332 -0.0381
78039833 -0.0148615
1886085176 -0.000896508
2588037217 -0.00135862
784611069 -0.000403146
4112518923 -0.153612
1042673590 -0.0593704
600785841 -0.0126602
2201423994 -0.0134052
2999558953 -0.153612
2131827147 -0.016084
1227902734 -0.00627003
1983742981 -0.00014515
2992361098 -0.0860623
1080665860 -0.0148615
242579288 -0.0147812
2353789938 -0.00854593
40996090 -0.016143
1342157981 -0.0121311
847094226 -0.0126602
340283560 -0.0273766
3784310625 -0.0895418
76750958 -0.00279219
2037897888 -0.00697307
3468144064 -0.0392186
2183104177 -5.26461e-05
1214918195 -0.102398
4167620350 -0.00697307
789587149 -0.0100159
1957257775 -0.00205226
2012617064 -0.0593704
4093622152 -0.00639911
1430112322 -0.153612
3507834445 -0.0206917
261504711 -0.016143
1654574500 -0.00333456
2023937645 -0.0312709
3196305184 -0.000403146
1855717160 -0.00946257
4160373385 -0.016084
3979502784 -0.00172128
3201352653 -0.00401039
3269753752 -0.0206917
484309559 -0.00900992
3997492553 -0.00849578
2282412694 -0.0392186
1412340566 -0.00225915
2272255135 -0.00425862
32842310 -0.00273737
3514939599 -0.00401039
1560336220 -0.0126602
2728127955 -0.016084
1692767744 -0.0895418
168721373 -0.102398
2864731008 0.00470498
24766274 -0.00854593
2169194919 -0.153612
1317514601 -0.000896508
867396152 -0.00849578
3340792401 -0.0017979
3241095964 -0.0115321
943524439 -0.0072982
888806534 0.00119586
1688910903 -0.0206917
53654230 -0.00457752
309476610 -0.0114998
2669474086 -0.0072982
3143350086 -0.00152481
1402554340 -0.00798694
687381725 -0.00897741
1331964967 -0.153612
2429821563 -0.153612
3307149330 -0.00639911
2808859044 -0.0860623
2668910186 -0.00697307
1638609704 -0.0219121
1460362125 -0.0312826
2213670597 -0.000973129
144944517 -0.046593
4167359922 -0.00900992
350495454 -0.00221448
3040627814 -0.00370504
2626831277 -0.0185006
4068714951 -0.0408386
1890888466 -0.00233428
1956232018 -0.0141375
3957647522 -0.0141375
4157794503 -0.00457752
2467071049 -0.153612
3576510868 -0.0593704
3512686521 -0.00457752
2996734433 -0.0141375
3605202573 -5.26461e-05
3828226200 -0.0895418
3676840785 -0.00759994
2919392317 -0.00205226
3586533348 -0.00205226
1358373431 -0.00221448
3984727704 -0.0017979
3175070855 -0.0601967
3615457753 -0.00324173
409439540 -0.0601967
2739197308 -0.00589474
813781066 -0.00854593
3651098565 -0.00221448
3650476081 -0.0206917
3992833684 -0.0090464
1300419333 -0.00273737
862088666 -0.0860623
2589233783 -0.0392186
2127797818 -0.00631377
391600216 -0.0114998
3998083561 -0.00152481
2009499608 -0.0147812
1614564814 -0.0895418
3387954407 -0.000403146
814323586 -0.00266396
2216935762 -0.00457752
3162095595 0.00470498
4100164576 0.0039735
1853351806 -0.00401039
1759058572 -0.00279219
664194804 -0.0601967
722599523 -0.00339163
3754452299 -0.153612
2478103383 -0.00014515
4109730349 -0.00014515
4077923174 -0.0877789
3077625518 -0.0312709
1668394961 -0.102398
1610117894 -0.00192369
1460428146 -0.0141375
1800304628 -0.0123345
4085699543 -0.00514263
4145317105 -0.00279219
1348676663 -0.00253462
2051163565 -0.0134052
3155893353 0.00281541
2641233962 -0.0593704
3904323026 -0.00532946
652877872 -0.00489347
1507441971 -0.00136359
3756591986 -0.00192369
677201290 -0.00627003
1728049363 -0.00849578
1552103602 -0.153612
503113475 0.00348878
1747869855 -0.0185006
3824128002 -0.00690001
649420955 -0.00639911
2870066588 0.00281541
4150456259 -0.0194301
3010975974 -0.00135862
2730127352 -0.0860623
3256501030 -0.0126602
3876134116 -0.0154901
3962483774 -0.0048056
1659218527 -0.016143
2913616310 -0.0114998
540093018 -0.00212078
4214050840 0.0039735
2026563337 0.0039735
506765730 -0.00627003
1417015101 -0.00388286
777599666 -0.00697307
630890747 -0.0408386
3490111306 -0.0100159
2443955494 -0.00333456
3227208719 0.00348878
220906968 -0.00946257
3124735508 -0.0134052
535941527 -0.0132576
949498507 -0.000973129
4258525089 -0.153612
3513799629 -0.00900992
2603231137 -0.00411907
960766302 -0.00443345
187665100 -0.000403146
3390545656 -0.00279219
1196281327 -0.000475405
3540489244 0.00119586
1696892145 -0.00697307
4259269111 -0.00690001
3679368291 -0.00386822
2372549128 -0.0132576
3499659669 0.0039735
2159361327 -0.00946257
450879470 0.00348878
2369629527 -0.0601967
2899628589 -0.000475405
3928550205 -0.0141375
1023510474 -0.0312709
246159599 0.00650607
916791228 -0.0312709
3327645142 -5.26461e-05
3808351211 -0.0312709
2037212670 -0.0017979
3578303371 -0.0408386
2496582483 -0.00205226
198393422 -0.0132576
3768420552 -0.0601967
837496238 -0.00221448
1685386623 -5.26461e-05
2965166580 -0.0877789
3454942386 -0.153612
2192770400 -0.0860623
1643589477 -0.0185006
2203438724 -0.0877789
2824890499 -0.153612
2103863861 -0.000973129
4013197400 0.00649817
3524065126 -0.153612
1157734194 -0.153612
1599691429 -0.00324173
2257091313 -0.0206917
