3586533348 -1.4152e-05
3484842215 -0.147296
2208327497 -0.00878454
417937679 0.000568125
3992833684 -0.00896514
414185897 -0.00333923
2348409359 -0.00584402
409439540 -0.0746782
3269753752 -0.0257974
2919182003 -0.00432651
1994507682 -0.147296
2702431645 -0.00181004
3113006428 -0.01806
40996090 -0.0188091
3159882689 -0.01806
4097946403 -0.00664034
648299962 -0.0108416
2722766595 -0.0308882
2001570321 -0.00377267
2051163565 -0.0108416
2398087802 -2.25487e-05
4145317105 -0.00278107
916791228 -0.0308871
4214050840 0.00385638
4100164576 0.00385638
3501619897 -0.0110073
4258915161 -1.88992e-05
2342242945 -0.00545106
2551097216 -0.00181004
1649915976 -0.00376217
2320719623 0.00385638
2569680726 -0.00741957
2076461858 0.000289949
60608086 -0.00234381
2247380215 -0.0110073
2633191638 -0.00865999
3499659669 0.00385638
847094226 -0.0124022
1080665860 -0.0122674
4137844462 -0.00308661
664194804 -0.0746782
4258525089 -0.147296
3227208719 0.000823687
220906968 -0.000258634
3507834445 -0.0257974
3828226200 -0.0769372
649420955 -0.00554283
3454942386 -0.147296
2999644973 -0.00878454
24766274 -0.010349
3512686521 -0.00484484
2353315960 -0.010349
2201423994 -0.0108416
1402554340 -0.00448662
594719562 -0.000790287
2655866658 -0.00308661
3605202573 -3.33993e-05
1023510474 -0.0308871
2809633026 0.000568125
4218091012 -0.00664034
1342157981 -0.0130135
303606737 -1.88992e-05
2496582483 -1.4152e-05
503523818 -0.147296
1759058572 -0.00278107
2169194919 -0.147296
3889918511 -0.00448662
3679368291 -0.0134777
3876134116 -0.0137224
4077923174 -0.0799907
3784310625 -0.0769372
2636560243 -0.0156388
642521268 -0.010349
103118721 -0.00278107
687381725 -0.0107147
814323586 -0.00342546
2192770400 -0.0887277
2597147609 -0.000372588
816205235 -0.0130135
2924471996 -0.0407524
3422913332 -0.00865999
2588037217 -0.00309984
3014335135 -0.00248911
331219308 -0.147296
362647885 -0.0657235
4160373385 -0.0108534
2798145565 -0.000372588
2099288197 -0.00309984
1560336220 -0.0124022
570932490 -0.00309984
1088945299 -0.0130135
867396152 -0.00333923
3340792401 -0.000226658
1208828684 -0.0156388
3010975974 -0.00309984
2353789938 -0.010349
1214198145 -0.00309984
609703868 -0.0098777
1879909838 -0.0122674
1728049363 -0.00333923
1668202269 -0.01806
3419577079 -0.0181989
2372549128 -0.00664034
535941527 -0.00664034
1955002940 -0.0156388
236369400 -0.00234381
31130388 0.000289949
2272255135 -0.0156388
3196305184 -0.00134979
484309559 -0.0110073
76750958 -0.00278107
4247114357 -0.00249714
1957257775 -1.4152e-05
4181232444 -0.0583012
1685386623 -3.33993e-05
813781066 -0.010349
888806534 0.00186026
3155893353 0.000568125
3387954407 -0.00134979
1853351806 -0.00397352
3110804562 -0.00285559
1638609704 -0.0199606
3413310241 -0.0188091
1720049421 0.00186026
562900972 -0.01806
3828946292 -0.00285559
2589233783 -0.0407524
967194564 -1.88992e-05
138957387 -0.00741957
1688910903 -0.0257974
4072383076 -0.0763778
3376545127 -0.00285559
340283560 -0.0289925
2626831277 -0.0181989
4093622152 -0.00554283
3307149330 -0.00554283
3754452299 -0.147296
1331964967 -0.147296
3928550205 -0.0255998
4049155636 -0.00878454
755151769 -0.00741957
4073368448 0.000823687
2621622536 -0.147296
2429821563 -0.147296
503113475 0.000823687
3997492553 -0.00333923
2037212670 -0.000226658
2159361327 -0.000258634
4157794503 -0.00484484
2467071049 -0.147296
1886972492 -0.0451094
1139488070 -0.0413901
2843824084 -0.000790287
2037897888 -0.00327853
2728127955 -0.0108534
540093018 -0.00417922
1692767744 -0.0769372
611520789 -0.00285559
1193443314 -0.00632929
408795628 -0.00865999
854720261 -0.00558387
3416930943 -0.00739564
1412340566 -0.0028607
1068486945 -0.147296
198393422 -0.00664034
2722132332 -0.0429105
78039833 -0.0122674
3028467478 -0.000372588
75549082 -0.00632069
406984589 -0.00584402
3768420552 -0.0746782
1956232018 -0.0255998
3611081134 -0.0018421
2999558953 -0.147296
3998083561 -0.00181004
2808859044 -0.0887277
2511575324 -0.0769372
2730127352 -0.0887277
2127797818 -0.00529431
4167620350 -0.00327853
789587149 -0.00878454
3468144064 -0.0407524
2183104177 -3.33993e-05
862088666 -0.0887277
1214918195 -0.0919472
1955984430 -0.0018421
2992361098 -0.0887277
1816786186 -0.0130135
941971035 0.000289949
3957647522 -0.0255998
1379313878 -0.0156388
1855717160 -0.000258634
3256501030 -0.0124022
1502963371 -0.00333923
3077625518 -0.0308871
33450972 -0.00207565
3068065464 -0.000904372
3103721368 -0.00308661
3040060696 -0.00558387
2996734433 -0.0255998
4167359922 -0.0110073
2870066588 0.000568125
3490111306 -0.00878454
3513799629 -0.0110073
168721373 -0.0919472
2864731008 0.000289949
3904323026 -0.0103921
1348676663 -0.00692136
1830739977 -0.000258634
3514939599 -0.00397352
2659434454 -0.00545106
2778546339 -0.00545106
309476610 -0.00632069
53654230 -0.00484484
2913616310 -0.00632069
587092444 -0.00432651
1460362125 -0.0273994
450879470 0.000823687
4085699543 -0.00513643
1944161631 -0.00909361
1227902734 -0.00909361
1083394991 -0.0583012
2009499608 -0.00865999
1390021017 -0.00207565
2216935762 -0.00484484
1890888466 -0.00391879
2459566987 -0.000226658
3201352653 -0.00397352
3153662117 -0.0028001
3340113727 -1.4152e-05
3454216039 -0.0188091
3650476081 -0.0257974
3077701824 -1.88992e-05
4210192640 -0.00509783
2125847845 -0.00509783
694678698 -0.00217419
4072636110 -0.00862047
1840549049 -0.00862047
3676840785 -0.00477483
3178482882 -0.00308661
3175070855 -0.0746782
4150456259 -0.0171544
2282412694 -0.0407524
4112518923 -0.147296
3244275741 -0.00234381
1106053494 -0.0122674
2949164478 -0.00448662
726748024 -0.00308661
992372818 -0.00509783
394783903 -0.000372588
1461071546 -0.00584402
242579288 -0.00865999
1659218527 -0.0188091
2832312000 -0.0887277
348965350 -0.0788855
3756591986 -0.000790287
677201290 -0.00909361
3327645142 -3.33993e-05
722686710 -0.00558387
261504711 -0.0188091
2369629527 -0.0746782
1668394961 -0.0919472
2739197308 -0.00750736
3162095595 0.000289949
3284042598 -0.00614215
4284594406 -0.0122674
3661966879 -0.01806
1624232979 -3.33993e-05
2023937645 -0.0308871
3573108544 0.000568125
3040627814 -0.00741957
3824128002 -0.00862047
1747869855 -0.0181989
187665100 -0.00134979
777599666 -0.00327853
1430112322 -0.147296
3295815498 -0.0108416
2257091313 -0.0257974
1552103602 -0.147296
3984727704 -0.000226658
3140841674 0.00186026
3622032981 -0.0153482
1563778072 -0.000258634
2934824804 -0.147296
2669474086 -0.00432651
1643589477 -0.0181989
340020233 -0.0018421
989097633 -0.103273
960766302 -0.00545106
4068714951 -0.0583012
4153900588 -0.00397352
1141674736 -0.000790287
3223614919 -0.00741957
1019609506 -0.0181989
2337062318 -0.00285559
2203438724 -0.0799907
2123068591 -0.00509783
2919392317 -1.4152e-05
609342700 -0.00558387
240321797 -0.00448662
2026563337 0.00385638
943524439 -0.00432651
3241095964 -0.00584402
246159599 0.00580607
784611069 -0.00134979
2668910186 -0.00327853
346332184 -0.00508005
2131827147 -0.0108534
506765730 -0.00909361
1696892145 -0.00327853
3524065126 -0.147296
1460428146 -0.0255998
144944517 -0.0437409
3962483774 -0.00446263
511244140 -0.00584402
2813716466 -0.00207565
652877872 -0.00234381
3124735508 -0.0108416
3179128925 -0.000685943
1610117894 -0.000790287
4013197400 0.00534539
391600216 -0.00632069
1032703249 -0.00207565
3450350195 -1.88992e-05
630890747 -0.0583012
3808351211 -0.0308871
2822609060 -0.0018421
4259269111 -0.00862047
2824890499 -0.147296
3578303371 -0.0583012
1614564814 -0.0769372
600785841 -0.0124022
2965166580 -0.0799907
1794856285 -0.00432651
3390545656 -0.00278107
3540489244 0.00186026
3143350086 -0.00181004
1157734194 -0.147296
