414185897 -0.0121405
1461071546 -0.00963005
2722766595 -0.0342349
1080665860 -0.0173509
2551097216 -0.000160189
3159882689 -0.020843
3014335135 -0.00565998
2843824084 -0.00206142
4210192640 -0.00228909
3995046234 -0.00150658
3220415338 -0.000242575
2597147609 -0.000157692
240321797 -0.0077431
2320719623 0.00385676
2026563337 0.00385676
4214050840 0.00385676
4100164576 0.00385676
1088945299 -0.018581
75549082 -0.00716067
503523818 -0.149303
816205235 -0.018581
1214198145 -0.0034953
2636560243 -0.0120799
4145317105 -0.00653129
1879909838 -0.0173509
2208327497 -0.0150812
2247380215 -0.0106744
2123068591 -0.00228909
3175070855 -0.0678162
1692767744 -0.0955234
1331964967 -0.149303
1342157981 -0.018581
4137844462 -0.00150156
3419577079 -0.0118727
350495454 -0.0029304
3586533348 -0.0037782
4085699543 -0.00669864
3828226200 -0.0955234
2348409359 -0.00963005
1139488070 -0.0412462
1886972492 -0.0380851
4284594406 -0.0173509
2459566987 -0.00244624
3347912765 -0.00189305
198393422 -0.00659272
3876134116 -0.0128954
2001570321 -0.00221776
989097633 -0.113117
2099288197 -0.0034953
2353789938 -0.0137959
1193443314 -0.00230579
3998083561 -0.000160189
649420955 -0.00250856
1994507682 -0.149303
2808859044 -0.0833171
1816786186 -0.018581
2398087802 -0.00211902
2342242945 -0.000107359
3295815498 -0.01295
916791228 -0.0357316
328194109 -0.00388894
1412340566 -0.00190559
3201352653 -0.00559382
2633191638 -0.0147754
417937679 0.00187776
2870066588 0.00187776
1840549049 -0.00504261
4259269111 -0.00504261
726748024 -0.00150156
3178482882 -0.00150156
540093018 -0.0023063
3103721368 -0.00150156
687381725 -0.0108855
2722132332 -0.0378916
78039833 -0.0173509
2655866658 -0.00150156
503113475 0.00249476
1890888466 -0.00457658
3524065126 -0.149303
1460362125 -0.0290756
3622032981 -0.0170221
1500976953 -0.00150658
1317514601 -0.00189305
784611069 -0.000675968
3223614919 -0.00364276
2569680726 -0.00364276
109331286 -0.000389043
3068065464 -0.00157649
3113006428 -0.020843
814323586 -0.00270512
4013197400 0.0102101
103118721 -0.00653129
3928550205 -0.0204497
1614564814 -0.0955234
1379313878 -0.0120799
609342700 -0.00407601
2999558953 -0.149303
24766274 -0.0137959
3040060696 -0.00407601
3119150608 -0.00287183
4160373385 -0.0203437
1009526621 -0.000119601
1106053494 -0.0173509
1560336220 -0.0162295
1214918195 -0.100241
3611081134 -0.000689416
2201423994 -0.01295
2588037217 -0.0034953
4093622152 -0.00250856
3507834445 -0.0192788
562900972 -0.020843
236369400 -0.0138812
76750958 -0.00653129
1668202269 -0.020843
3413310241 -0.0208862
3889918511 -0.0077431
3269753752 -0.0192788
484309559 -0.0106744
3824128002 -0.00504261
1747869855 -0.0118727
4250451206 -0.00270731
2934824804 -0.149303
4073368448 0.00249476
755151769 -0.00364276
854720261 -0.00407601
867396152 -0.0121405
3340792401 -0.00244624
1348676663 -0.0096585
2668910186 -0.00662074
1227902734 -0.00675779
648299962 -0.01295
4181232444 -0.0554387
331219308 -0.149303
362647885 -0.0724666
2257091313 -0.0192788
2037897888 -0.00662074
4157794503 -0.00256038
2467071049 -0.149303
2659434454 -0.000107359
3196305184 -0.000675968
2621622536 -0.149303
2730127352 -0.0833171
4097946403 -0.00659272
391600216 -0.00716067
3501619897 -0.0106744
309476610 -0.00716067
60608086 -0.0138812
3957647522 -0.0204497
2272255135 -0.0120799
847094226 -0.0162295
4072383076 -0.0702903
813781066 -0.0137959
1068486945 -0.149303
2511575324 -0.0955234
609703868 -0.0111001
3484842215 -0.149303
2372549128 -0.00659272
3241095964 -0.00963005
2702431645 -0.000160189
406984589 -0.00963005
3408801716 -0.00287183
862088666 -0.0833171
3028467478 -0.000157692
2051163565 -0.01295
2992361098 -0.0833171
1853351806 -0.00559382
1083394991 -0.0554387
2192770400 -0.0833171
3244275741 -0.0138812
2919392317 -0.0037782
3578303371 -0.0554387
4153900588 -0.00559382
4068714951 -0.0554387
1141674736 -0.00206142
2832312000 -0.0833171
3784310625 -0.0955234
1402554340 -0.0077431
594719562 -0.00206142
4167359922 -0.0106744
3513799629 -0.0106744
630890747 -0.0554387
888806534 0.00130884
346332184 -0.00415913
138957387 -0.00364276
2824890499 -0.149303
3573108544 0.00187776
3756591986 -0.00206142
677201290 -0.00675779
450879470 0.00249476
789587149 -0.0150812
4167620350 -0.00662074
1720049421 0.00130884
1944161631 -0.00675779
2009499608 -0.0147754
242579288 -0.0147754
3454216039 -0.0208862
3512686521 -0.00256038
2996734433 -0.0204497
1955984430 -0.000689416
3468144064 -0.0321065
570932490 -0.0034953
1956232018 -0.0204497
1019609506 -0.0118727
600785841 -0.0162295
394783903 -0.000157692
2626831277 -0.0118727
3754452299 -0.149303
3650476081 -0.0192788
3992833684 -0.0138463
187665100 -0.000675968
1649915976 -0.00440918
2282412694 -0.0321065
144944517 -0.0364022
1696892145 -0.00662074
1728049363 -0.0121405
408795628 -0.0147754
2169194919 -0.149303
340020233 -0.000689416
1502963371 -0.0121405
2739197308 -0.00969994
3615457753 -0.00287183
409439540 -0.0678162
4218091012 -0.00659272
2913616310 -0.00716067
1042957220 -0.00150658
3651098565 -0.0029304
3340113727 -0.0037782
1430112322 -0.149303
777599666 -0.00662074
3387954407 -0.000675968
3155893353 0.00187776
4112518923 -0.149303
1955002940 -0.0120799
1759058572 -0.00653129
2131827147 -0.0203437
4072636110 -0.00504261
694678698 -0.00521898
2125847845 -0.00228909
3984727704 -0.00244624
3307149330 -0.00250856
1957257775 -0.0037782
3473645296 -0.00287183
246159599 0.00397555
2822609060 -0.000689416
3010975974 -0.0034953
511244140 -0.00963005
1654574500 -0.000119601
3514939599 -0.00559382
3962483774 -0.00926861
2443955494 -0.000119601
2809633026 0.00187776
3422913332 -0.0147754
3976027647 -0.00346274
4049155636 -0.0150812
1552103602 -0.149303
2949164478 -0.0077431
3256501030 -0.0162295
664194804 -0.0678162
4150456259 -0.0256759
3661966879 -0.020843
53654230 -0.00256038
1208828684 -0.0120799
3284042598 -0.0034067
3077625518 -0.0357316
1638609704 -0.0146155
40996090 -0.0208862
3124735508 -0.01295
3040627814 -0.00364276
1358373431 -0.0029304
3904323026 -0.00684439
1460428146 -0.0204497
2778546339 -0.000107359
992372818 -0.00228909
2728127955 -0.0203437
1886085176 -0.00189305
2127797818 -0.00907475
3676840785 -0.00541699
3997492553 -0.0121405
2999644973 -0.0150812
722686710 -0.00407601
3153662117 -0.00512133
2429821563 -0.149303
3540489244 0.00130884
261504711 -0.0208862
4077923174 -0.0849739
837496238 -0.0029304
3679368291 -0.00252705
3390545656 -0.00653129
3454942386 -0.149303
3143350086 -0.000160189
3768420552 -0.0678162
1800304628 -0.0127858
1688910903 -0.0192788
788013522 -0.00189305
2369629527 -0.0678162
2353315960 -0.0137959
506765730 -0.00675779
1842653347 -0.000119601
2589233783 -0.0321065
168721373 -0.100241
1659218527 -0.0208862
1668394961 -0.100241
3227208719 0.00249476
340283560 -0.0318953
960766302 -0.000107359
2037212670 -0.00244624
3140841674 0.00130884
535941527 -0.00659272
642521268 -0.0137959
2603231137 -0.00236558
2924471996 -0.0321065
3759931583 -0.00150658
3412363539 -0.00150658
2965166580 -0.0849739
652877872 -0.0138812
2023937645 -0.0357316
2496582483 -0.0037782
2216935762 -0.00256038
1023510474 -0.0357316
4258525089 -0.149303
3499659669 0.00385676
1643589477 -0.0118727
1599691429 -0.00287183
2203438724 -0.0849739
1157734194 -0.149303
1610117894 -0.00206142
3808351211 -0.0357316
348965350 -0.0874477
2798145565 -0.000157692
3490111306 -0.0150812
