2843824084 -7.94144e-05
3586533348 -0.00142723
3340113727 -0.00142723
1461071546 -0.00264509
4073368448 0.00330495
3928550205 -0.0206036
2051163565 -0.0133752
3014335135 -0.000954433
854720261 -0.00112087
1886972492 -0.0352824
1412340566 -0.00505697
1358373431 -0.00201323
3501619897 -0.0120779
75549082 -0.00927463
816205235 -0.0125933
3159882689 -0.0138251
1830739977 -0.00140298
3454942386 -0.142426
3611081134 -0.0043638
1890888466 -0.0083824
3992833684 -0.00644389
3269753752 -0.0247441
2208327497 -0.00946901
1141674736 -7.94144e-05
1668202269 -0.0138251
2348409359 -0.00264509
3484842215 -0.142426
406984589 -0.00264509
3454216039 -0.0214757
562900972 -0.0138251
1019609506 -0.0184297
1314161884 -0.000251562
1227902734 -0.00719007
1614564814 -0.0655585
2636560243 -0.00824936
1080665860 -0.0117666
362647885 -0.0627824
331219308 -0.142426
3390545656 -0.00294216
236369400 -0.00495342
4137844462 -0.00793756
814323586 -0.00920565
4210192640 -0.00473075
1855717160 -0.00140298
1009526621 -0.00113441
4145317105 -0.00294216
3419577079 -0.0184297
600785841 -0.0107445
511244140 -0.00264509
3957647522 -0.0206036
1956232018 -0.0206036
2934824804 -0.142426
847094226 -0.0107445
60608086 -0.00495342
1853351806 -0.00354367
3179128925 -0.00136707
103118721 -0.00294216
2201423994 -0.0133752
2037212670 -0.00158422
1879909838 -0.0117666
2589233783 -0.0383885
1983742981 -0.00258058
1696892145 -0.00479077
2369629527 -0.0737714
3584128014 -0.000669424
1944161631 -0.00719007
484309559 -0.0120779
242579288 -0.00704753
408795628 -0.00704753
2633191638 -0.00704753
1555760317 -0.00185279
4072383076 -0.0752393
198393422 -0.0117458
2117133652 -0.00185279
1842653347 -0.00113441
3210259165 -0.0028573
4181232444 -0.0627501
3828226200 -0.0655585
417937679 0.00139238
220906968 -0.00140298
3573108544 0.00139238
2809633026 0.00139238
3416930943 -0.00318514
3520458539 0.000338425
540093018 -0.00472287
3512686521 -0.0018501
1563778072 -0.00140298
2626831277 -0.0184297
3756591986 -7.94144e-05
677201290 -0.00719007
2001570321 -0.00306728
3701340724 -0.00185279
2588037217 -0.00349632
2125847845 -0.00473075
694678698 -0.0058029
3876134116 -0.0165787
3175070855 -0.0737714
1088945299 -0.0125933
1083394991 -0.0627501
4109730349 -0.00258058
1816786186 -0.0125933
348965350 -0.081979
3578303371 -0.0627501
2169194919 -0.142426
340020233 -0.0043638
3651098565 -0.00201323
138957387 -0.00367519
144944517 -0.0452683
3507834445 -0.0247441
24766274 -0.0141671
2192770400 -0.0845436
503113475 0.00330495
2009499608 -0.00704753
3340792401 -0.00158422
648299962 -0.0133752
3307149330 -0.00216618
2099288197 -0.00349632
4160373385 -0.0135791
2372549128 -0.0117458
4085699543 -0.0088762
2443955494 -0.00113441
1955984430 -0.0043638
587092444 -0.00811543
1214918195 -0.090484
2655866658 -0.00793756
1560336220 -0.0107445
2728127955 -0.0135791
1139488070 -0.0391828
1379313878 -0.00824936
888806534 0.000232065
1342157981 -0.0125933
4097946403 -0.0117458
187665100 -0.00202224
3824128002 -0.00351195
1747869855 -0.0184297
2159361327 -0.00140298
3889918511 -0.00700395
916791228 -0.0279417
2353315960 -0.0141671
168721373 -0.090484
3413310241 -0.0214757
3201352653 -0.00354367
1688910903 -0.0247441
1668394961 -0.090484
784611069 -0.00202224
2429821563 -0.142426
2621622536 -0.142426
409439540 -0.0737714
1331964967 -0.142426
3754452299 -0.142426
2203438724 -0.0811593
2037897888 -0.00479077
649420955 -0.00216618
1994507682 -0.142426
3650476081 -0.0247441
40996090 -0.0214757
2247380215 -0.0120779
3514939599 -0.00354367
2166721244 -0.00185279
1759058572 -0.00294216
2999558953 -0.142426
989097633 -0.0992588
3524065126 -0.142426
687381725 -0.00959355
2999644973 -0.00946901
1390021017 -0.00138829
722599523 -0.00179705
3103721368 -0.00793756
2813716466 -0.00138829
3113006428 -0.0138251
3256501030 -0.0107445
1106053494 -0.0117666
726748024 -0.00793756
1955002940 -0.00824936
2949164478 -0.00700395
3043722395 -0.000251562
3661966879 -0.0138251
503523818 -0.142426
2808859044 -0.0845436
2832312000 -0.0845436
3784310625 -0.0655585
1402554340 -0.00700395
594719562 -7.94144e-05
240321797 -0.00700395
1068486945 -0.142426
3153662117 -0.00394774
3276042364 -0.000251562
2992361098 -0.0845436
813781066 -0.0141671
2870066588 0.00139238
3513799629 -0.0120779
2722766595 -0.0299001
1692767744 -0.0655585
3010975974 -0.00349632
3155893353 0.00139238
2996734433 -0.0206036
1605803999 -0.000778941
3140841674 0.000232065
2123068591 -0.00473075
3227208719 0.00330495
450879470 0.00330495
3068065464 -0.00365087
943524439 -0.00811543
3241095964 -0.00264509
664194804 -0.0737714
4167620350 -0.00479077
789587149 -0.00946901
350495454 -0.00201323
4284594406 -0.0117666
4049155636 -0.00946901
4100164576 0.00388174
3676840785 -0.00419548
3284042598 -0.00619556
2018492569 -0.000487065
2739197308 -0.0108667
3295815498 -0.0133752
2257091313 -0.0247441
4112518923 -0.142426
2459566987 -0.00158422
2467071049 -0.142426
4157794503 -0.0018501
2023937645 -0.0279417
261504711 -0.0214757
3077625518 -0.0279417
309476610 -0.00927463
53654230 -0.0018501
2353789938 -0.0141671
4150456259 -0.0189725
2503218473 -0.000251562
4068714951 -0.0627501
2919392317 -0.00142723
3622032981 -0.013294
1874121111 -0.00185279
2822609060 -0.0043638
2216935762 -0.0018501
2342242945 -0.00292659
3422913332 -0.00704753
33450972 -0.00138829
76750958 -0.00294216
2272255135 -0.00824936
1348676663 -0.00615324
2778546339 -0.00292659
3244275741 -0.00495342
2569680726 -0.00367519
3040627814 -0.00367519
3223614919 -0.00367519
755151769 -0.00367519
960766302 -0.00292659
4153900588 -0.00354367
1654574500 -0.00113441
570932490 -0.00349632
1214198145 -0.00349632
862088666 -0.0845436
3387954407 -0.00202224
2511575324 -0.0655585
2730127352 -0.0845436
4218091012 -0.0117458
1649915976 -0.000380468
4108817096 -0.00258058
3196305184 -0.00202224
246159599 0.00571647
2922694512 -0.00150812
3984727704 -0.00158422
2722132332 -0.0369648
78039833 -0.0117666
3904323026 -0.00838851
4167359922 -0.0120779
4093622152 -0.00216618
2669474086 -0.00811543
3468144064 -0.0383885
2478103383 -0.00258058
4259269111 -0.00351195
4072636110 -0.00351195
1840549049 -0.00351195
2282412694 -0.0383885
1430112322 -0.142426
2919182003 -0.00811543
1208828684 -0.00824936
1720049421 0.000232065
4250451206 -0.00321541
1193443314 -0.00345365
1957257775 -0.00142723
4214050840 0.00388174
2659434454 -0.00292659
2131827147 -0.0135791
1823791746 -0.000251562
609342700 -0.00112087
992372818 -0.00473075
2398087802 -0.00586566
2913616310 -0.00927463
3040060696 -0.00112087
2824890499 -0.142426
1638609704 -0.0207216
2026563337 0.00388174
3499659669 0.00388174
2320719623 0.00388174
346332184 -0.00774572
1460428146 -0.0206036
1023510474 -0.0279417
777599666 -0.00479077
4258525089 -0.142426
1460362125 -0.0304711
722686710 -0.00112087
4013197400 0.00488707
4077923174 -0.0811593
1610117894 -7.94144e-05
1552103602 -0.142426
1794856285 -0.00811543
1659218527 -0.0214757
2965166580 -0.0811593
3124735508 -0.0133752
535941527 -0.0117458
642521268 -0.0141671
630890747 -0.0627501
3768420552 -0.0737714
837496238 -0.00201323
652877872 -0.00495342
2924471996 -0.0383885
2668910186 -0.00479077
3178482882 -0.00793756
2496582483 -0.00142723
3490111306 -0.00946901
3962483774 -0.00675112
340283560 -0.0259241
1032703249 -0.00138829
506765730 -0.00719007
1157734194 -0.142426
391600216 -0.00927463
3679368291 -0.00847651
3808351211 -0.0279417
2603231137 -0.000421117
1643589477 -0.0184297
3540489244 0.000232065
