2551097216 -0.00161785
1214198145 -0.00146139
4150456259 -0.0267332
2702431645 -0.00161785
1379313878 -0.0129386
3454216039 -0.0229823
3615457753 -0.00714223
1080665860 -0.0146282
4167359922 -0.0130815
648299962 -0.0139351
2076461858 0.00280017
2621622536 -0.165798
3484842215 -0.165798
3340113727 -0.00425727
3904323026 -0.00441115
138957387 -0.00427887
3269753752 -0.023855
1890888466 -0.00318439
2123068591 -0.00378961
3201352653 -0.00596231
4258915161 -0.000300072
350495454 -0.00391244
3103721368 -0.0061968
1042673590 -0.106594
3113006428 -0.0224652
4214050840 0.00217939
2208327497 -0.00743473
1299330628 -0.00736622
664194804 -0.0515666
1461071546 -0.00936032
3520458539 0.00128796
609342700 -0.00664863
2569680726 -0.00427887
587092444 -0.00694542
1649915976 -0.000905141
2353315960 -0.011799
630890747 -0.0382413
888806534 0.0003608
3450350195 -0.000300072
4073368448 0.00112977
3159882689 -0.0224652
3573108544 0.00200505
1358373431 -0.00391244
1342157981 -0.0179361
2919182003 -0.00694542
3223614919 -0.00427887
1297152772 -0.00118919
60313977 -0.00490518
862088666 -0.096486
1944161631 -0.00882856
4252437569 -0.00374043
2843824084 -0.00716669
4145317105 -0.00134597
3390545656 -0.00134597
2425890976 -5.65077e-05
2478103383 -0.00234807
1994507682 -0.165798
3244275741 -0.00266964
2368328509 -0.00118919
3512686521 -0.00509167
2913616310 -0.0123848
1227902734 -0.00882856
1208828684 -0.0129386
642521268 -0.011799
103118721 -0.00134597
1348676663 -0.00492209
1068486945 -0.165798
2922694512 -0.00177874
870977072 -5.65077e-05
4205517319 -0.106594
2348409359 -0.00936032
236369400 -0.00266964
3490111306 -0.00743473
144944517 -0.0504452
1317514601 -0.000831604
4137844462 -0.0061968
1106053494 -0.0146282
4284594406 -0.0146282
694678698 -0.00337671
1886085176 -0.000831604
198393422 -0.0148554
2750319301 -0.00108009
948043381 -0.00371882
4049155636 -0.00743473
3387954407 -0.00240149
3284042598 -0.00525583
3876134116 -0.0085256
1563778072 -0.00727511
2001570321 -0.00163328
3524065126 -0.165798
1955002940 -0.0129386
726748024 -0.0061968
2722766595 -0.0318175
1759058572 -0.00134597
1019609506 -0.018957
1668202269 -0.0224652
414185897 -0.0148733
2026563337 0.00217939
3676840785 -0.00556238
1412340566 -0.001081
3622032981 -0.0195967
2201423994 -0.0139351
1402554340 -0.00980301
594719562 -0.00716669
3468144064 -0.0421807
3413310241 -0.0229823
4072383076 -0.0529687
2216935762 -0.00509167
2051163565 -0.0139351
1879909838 -0.0146282
2037212670 -0.000821791
484309559 -0.0130815
2440147330 -5.65077e-05
837496238 -0.00391244
3997492553 -0.0148733
1853351806 -0.00596231
4100164576 0.00217939
3162095595 0.00280017
2320719623 0.00217939
3501619897 -0.0130815
303606737 -0.000300072
562900972 -0.0224652
1983742981 -0.00234807
3196305184 -0.00240149
53654230 -0.00509167
309476610 -0.0123848
816205235 -0.0179361
3408801716 -0.00714223
3295815498 -0.0139351
2159361327 -0.00727511
3992833684 -0.0127043
3784310625 -0.084257
2832312000 -0.096486
2864731008 0.00280017
2739197308 -0.00787085
3419577079 -0.018957
348965350 -0.0881061
2668910186 -0.00773579
503113475 0.00112977
3402335971 -0.00311359
2745117408 -0.000468652
2037897888 -0.00773579
2934824804 -0.165798
4157794503 -0.00509167
3576510868 -0.106594
2467071049 -0.165798
3175070855 -0.0515666
1955984430 -0.00557247
4112518923 -0.165798
340283560 -0.0289181
2459566987 -0.000821791
406984589 -0.00936032
854720261 -0.00664863
1032703249 -0.00320755
331219308 -0.165798
362647885 -0.0773424
3661966879 -0.0224652
652877872 -0.00266964
722686710 -0.00664863
1083394991 -0.0382413
1088945299 -0.0179361
2009499608 -0.011092
755151769 -0.00427887
2999558953 -0.165798
916791228 -0.0389272
328194109 -0.00804888
1855717160 -0.00727511
4258525089 -0.165798
1886972492 -0.0518154
2992361098 -0.096486
1139488070 -0.0463568
2949164478 -0.00980301
60608086 -0.00266964
409439540 -0.0515666
1830739977 -0.00727511
503523818 -0.165798
2999644973 -0.00743473
2342242945 -0.00372115
2429821563 -0.165798
2655866658 -0.0061968
535941527 -0.0148554
75549082 -0.0123848
1599691429 -0.00714223
4218091012 -0.0148554
242579288 -0.011092
4181232444 -0.0382413
40996090 -0.0229823
2730127352 -0.096486
2511575324 -0.084257
187665100 -0.00240149
2597147609 -0.00289587
1816786186 -0.0179361
4250451206 -0.00135481
2633191638 -0.011092
2282412694 -0.0421807
2626831277 -0.018957
3513799629 -0.0130815
3889918511 -0.00980301
408795628 -0.011092
677201290 -0.00882856
3756591986 -0.00716669
2659434454 -0.00372115
3507834445 -0.023855
1300419333 -5.65077e-05
3650476081 -0.023855
3040060696 -0.00664863
2272255135 -0.0129386
3473645296 -0.00714223
3828226200 -0.084257
261504711 -0.0229823
2257091313 -0.023855
4259269111 -0.00835159
4167620350 -0.00773579
789587149 -0.00743473
4160373385 -0.0188817
2192770400 -0.096486
1460362125 -0.0386763
3928550205 -0.0263014
24766274 -0.011799
2353789938 -0.011799
2641233962 -0.106594
4210192640 -0.00378961
1957257775 -0.00425727
1141674736 -0.00716669
3227208719 0.00112977
784611069 -0.00240149
989097633 -0.144803
4153900588 -0.00596231
4068714951 -0.0382413
2728127955 -0.0188817
1560336220 -0.0131993
417937679 0.00200505
4085699543 -0.00723352
4108817096 -0.00234807
2996734433 -0.0263014
1720049421 0.0003608
1023510474 -0.0389272
2965166580 -0.0947811
1956232018 -0.0263014
3957647522 -0.0263014
960766302 -0.00372115
2578480025 -0.00118919
2127797818 -0.00847494
1502963371 -0.0148733
1840549049 -0.00835159
4072636110 -0.00835159
814323586 -0.00462871
3514939599 -0.00596231
32842310 -5.65077e-05
78039833 -0.0146282
2722132332 -0.0470962
1614564814 -0.084257
2778546339 -0.00372115
540093018 -0.00501575
3153662117 -0.00234768
3220415338 -0.000499107
1610117894 -0.00716669
3611081134 -0.00557247
1214918195 -0.108623
722599523 -0.000567019
3140841674 0.0003608
33450972 -0.00320755
4109730349 -0.00234807
867396152 -0.0148733
3340792401 -0.000821791
450879470 0.00112977
2588037217 -0.00146139
2919392317 -0.00425727
2636560243 -0.0129386
3540489244 0.0003608
1728049363 -0.0148733
2023937645 -0.0389272
2099288197 -0.00146139
340020233 -0.00557247
1794856285 -0.00694542
3998083561 -0.00161785
2870066588 0.00200505
2669474086 -0.00694542
649420955 -0.00283939
2809633026 0.00200505
2808859044 -0.096486
992372818 -0.00378961
687381725 -0.00515562
1692767744 -0.084257
3984727704 -0.000821791
3651098565 -0.00391244
3068673577 -0.0016039
3499659669 0.00217939
2125847845 -0.00378961
174105210 -0.00704783
813781066 -0.011799
3077625518 -0.0389272
1552103602 -0.165798
609703868 -0.00599834
3040627814 -0.00427887
2589233783 -0.0421807
967194564 -0.000300072
4097946403 -0.0148554
2528188504 -0.000505781
3002809686 -0.00433422
3307149330 -0.00283939
3754452299 -0.165798
2369629527 -0.0515666
1747869855 -0.018957
3824128002 -0.00835159
3010975974 -0.00146139
570932490 -0.00146139
240321797 -0.00980301
2747169221 -0.00118919
3077701824 -0.000300072
3979502784 -7.8169e-05
4093622152 -0.00283939
3808351211 -0.0389272
1800304628 -0.0111425
3586533348 -0.00425727
1659218527 -0.0229823
3241095964 -0.00936032
943524439 -0.00694542
2203438724 -0.0947811
1643589477 -0.018957
4077923174 -0.0947811
2603231137 -0.000947523
3422913332 -0.011092
3143350086 -0.00161785
220906968 -0.00727511
3285021726 -0.00196197
2169194919 -0.165798
1417015101 -0.00573578
1460428146 -0.0263014
600785841 -0.0131993
3578303371 -0.0382413
2813716466 -0.00320755
2131827147 -0.0188817
3347912765 -0.000831604
1638609704 -0.0193373
76750958 -0.00134597
1430112322 -0.165798
1507441971 -0.00304165
2822609060 -0.00557247
3014984883 -0.00743201
1390021017 -0.00320755
31130388 0.00280017
1668394961 -0.108623
2372549128 -0.0148554
2924471996 -0.0421807
1331964967 -0.165798
3155893353 0.00200505
777599666 -0.00773579
3962483774 -0.00505066
511244140 -0.00936032
2012617064 -0.106594
3119150608 -0.00714223
941971035 0.00280017
2824890499 -0.165798
2496582483 -0.00425727
4013197400 0.00710716
3454942386 -0.165798
3178482882 -0.0061968
3256501030 -0.0131993
2865221492 -0.00118919
246159599 0.00631093
1696892145 -0.00773579
847094226 -0.0131993
3768420552 -0.0515666
391600216 -0.0123848
1157734194 -0.165798
3679368291 -0.00262301
3124735508 -0.0139351
3210259165 -0.00243354
1688910903 -0.023855
3028467478 -0.00289587
394783903 -0.00289587
788013522 -0.000831604
168721373 -0.108623
2247380215 -0.0130815
506765730 -0.00882856
3976027647 -0.00664114
2798145565 -0.00289587
