3285021726 -0.00213582
3992833684 -0.00779258
854720261 -0.00348012
2272255135 -0.0137918
354419800 -0.00273924
2076461858 0.00135665
31130388 0.00135665
4167359922 -0.0106377
2348409359 -0.0113241
3103721368 -0.00481937
1214198145 -0.00358283
726748024 -0.00481937
948043381 -0.0053945
2750319301 -0.0021715
3397201191 -0.00113655
721618146 -0.000149781
1342157981 -0.014262
4157794503 -0.00479067
40996090 -0.0204838
2843824084 -0.000659677
3357176065 -0.00273924
2208327497 -0.0081776
3591675061 -0.000149781
4073368448 0.00227499
3484842215 -0.162445
3269753752 -0.0263951
670252519 -0.000149781
2832312000 -0.0946715
1379313878 -0.0137918
2569680726 -0.00562375
2353315960 -0.0140713
1052807756 -5.25237e-05
2192770400 -0.0946715
46084012 -0.000387472
2099288197 -0.00358283
3153662117 -0.00247855
1840549049 -0.00529159
4259269111 -0.00529159
1227902734 -0.0088566
1944161631 -0.0088566
2051163565 -0.014219
648299962 -0.014219
328194109 -0.00530798
3014984883 -0.006168
3828946292 -0.000319655
3113006428 -0.0222634
1088945299 -0.014262
1139488070 -0.0499869
1886972492 -0.0506004
2864731008 0.00135665
168721373 -0.106229
814323586 -0.000531185
1668202269 -0.0222634
1068486945 -0.162445
3512686521 -0.00479067
2633191638 -0.0109824
1563778072 -0.00349574
1830739977 -0.00349574
2159361327 -0.00349574
3159882689 -0.0222634
2923099083 -0.000149781
3957647522 -0.0232963
3876134116 -0.00980928
4137844462 -0.00481937
3997492553 -0.0102853
2722766595 -0.0317469
2337062318 -0.000319655
3501619897 -0.0106377
391600216 -0.00972886
1692767744 -0.0841331
4167620350 -0.00604798
789587149 -0.0081776
4049155636 -0.0081776
3408801716 -0.00232291
3473645296 -0.00232291
2125847845 -0.00492321
694678698 -0.00369873
2123068591 -0.00492321
992372818 -0.00492321
1855717160 -0.00349574
503523818 -0.162445
3454942386 -0.162445
587092444 -0.0100386
2405640134 -0.00140878
1802420461 -0.00140878
2353789938 -0.0140713
198136281 -0.000681097
652877872 -0.00730054
562900972 -0.0222634
3540380836 -0.000681097
103118721 -0.00271816
60608086 -0.00730054
236369400 -0.00730054
3576510868 -0.100306
4072383076 -0.0543492
4072636110 -0.00529159
2372549128 -0.012569
4218091012 -0.012569
1599691429 -0.00232291
2899628589 -0.00113655
1644060018 -0.00113655
1956232018 -0.0232963
4205517319 -0.100306
511244140 -0.0113241
2216935762 -0.00479067
4004424634 -0.000918819
611520789 -0.000319655
3524065126 -0.162445
242579288 -0.0109824
1032864094 -0.000681097
3376545127 -0.000319655
1638609704 -0.0245533
503113475 0.00227499
3622032981 -0.0192561
2248299025 -0.000387472
220906968 -0.00349574
2924471996 -0.0420096
4252437569 -0.0014349
3979502784 -0.00155893
570932490 -0.00358283
1816786186 -0.014262
4181232444 -0.0352352
1348676663 -0.00262117
331219308 -0.162445
362647885 -0.0733779
2201423994 -0.014219
4258915161 -0.00239869
1853351806 -0.00757403
414185897 -0.0102853
3390545656 -0.00271816
1208828684 -0.0137918
3490111306 -0.0081776
1042673590 -0.100306
1141674736 -0.000659677
3227208719 0.00227499
2126135767 -0.000387472
867396152 -0.0102853
3340792401 -0.00209763
340283560 -0.0310428
3784310625 -0.0841331
594719562 -0.000659677
4210192640 -0.00492321
630890747 -0.0352352
350495454 -0.00350256
1614564814 -0.0841331
2655866658 -0.00481937
3611081134 -0.00109704
3028467478 -0.00487003
3754452299 -0.162445
2919182003 -0.0100386
4112518923 -0.162445
1502963371 -0.0102853
1083394991 -0.0352352
649420955 -0.00348606
1994507682 -0.162445
348965350 -0.0864677
1214918195 -0.106229
1005270367 -5.25237e-05
1560336220 -0.017415
837496238 -0.00350256
816205235 -0.014262
1955002940 -0.0137918
3068673577 -0.00260808
755151769 -0.00562375
3413310241 -0.0204838
1430112322 -0.162445
2722132332 -0.0413178
78039833 -0.0125883
3201352653 -0.00757403
484309559 -0.0106377
862088666 -0.0946715
75549082 -0.00972886
2636560243 -0.0137918
2511575324 -0.0841331
2730127352 -0.0946715
4077923174 -0.0930431
144944517 -0.0477409
3387954407 -0.00401668
4150456259 -0.0192555
3119150608 -0.00232291
2999644973 -0.0081776
2342242945 -0.00516917
609703868 -0.0102757
2999558953 -0.162445
408795628 -0.0109824
76750958 -0.00271816
2922694512 -0.0121308
2641233962 -0.100306
3828226200 -0.0841331
2429821563 -0.162445
303606737 -0.00239869
1193443314 -0.00613059
24766274 -0.0140713
2597147609 -0.00487003
813781066 -0.0140713
1019609506 -0.0165238
1299330628 -0.00702519
2120356631 0.000122423
3615457753 -0.00232291
409439540 -0.0533833
3402335971 -0.00265645
2169194919 -0.162445
340020233 -0.00109704
1696892145 -0.00604798
450879470 0.00227499
4100164576 0.00393438
722686710 -0.00348012
3218751024 -0.000918819
941971035 0.00135665
4160373385 -0.0189725
3450350195 -0.00239869
2589233783 -0.0420096
967194564 -0.00239869
3514939599 -0.00757403
2728127955 -0.0189725
2949164478 -0.0090581
1331964967 -0.162445
3889918511 -0.0090581
636349432 -0.000387472
2459566987 -0.00209763
2282412694 -0.0420096
2996734433 -0.0232963
3454216039 -0.0204838
3010975974 -0.00358283
3244275741 -0.00730054
3040060696 -0.00348012
3650476081 -0.0263951
960766302 -0.00516917
2659434454 -0.00516917
2778546339 -0.00516917
3256501030 -0.017415
4153900588 -0.00757403
4068714951 -0.0352352
1999760145 -0.00113655
2379709064 -0.000918819
2669474086 -0.0100386
2477976788 -0.00140878
2023937645 -0.035079
609342700 -0.00348012
3284042598 -0.00623037
2739197308 -0.00421966
2037212670 -0.00209763
1879909838 -0.0125883
3196305184 -0.00401668
1659218527 -0.0204838
2626831277 -0.0165238
3175070855 -0.0533833
2934824804 -0.162445
2621622536 -0.162445
3676840785 -0.00540073
2009499608 -0.0109824
309476610 -0.00972886
53654230 -0.00479067
1759058572 -0.00271816
2700839685 -0.00273924
3986943453 -5.25237e-05
914762176 -0.000681097
3661966879 -0.0222634
3295815498 -0.014219
4085699543 -0.0030214
2467071049 -0.162445
1955984430 -0.00109704
1106053494 -0.0125883
2037897888 -0.00604798
187665100 -0.00401668
3824128002 -0.00529159
1747869855 -0.0165238
687381725 -0.00533714
2632074488 -0.000387472
784611069 -0.00401668
3984727704 -0.00209763
4145317105 -0.00271816
3422913332 -0.0109824
1890888466 -0.00250703
1688910903 -0.0263951
1358373431 -0.00350256
3014335135 -0.00262139
1157586402 -0.000918819
664194804 -0.0533833
406984589 -0.0113241
943524439 -0.0100386
3241095964 -0.0113241
2992361098 -0.0946715
2870066588 0.00241222
3040627814 -0.00562375
1461071546 -0.0113241
2127797818 -0.00513563
3124735508 -0.014219
2913616310 -0.00972886
2369629527 -0.0533833
677201290 -0.0088566
3756591986 -0.000659677
989097633 -0.139796
1080665860 -0.0125883
1718860620 -0.00140878
2528188504 -0.00132983
3002809686 -0.00481018
3307149330 -0.00348606
2824890499 -0.162445
1610117894 -0.000659677
2257091313 -0.0263951
4093622152 -0.00348606
3507834445 -0.0263951
2808859044 -0.0946715
417937679 0.00241222
3077625518 -0.035079
3419577079 -0.0165238
2798145565 -0.00487003
3463107829 -0.000918819
3651098565 -0.00350256
1402554340 -0.0090581
2026563337 0.00393438
240321797 -0.0090581
3904323026 -0.00678062
777599666 -0.00604798
3178482882 -0.00481937
2809633026 0.00241222
3077701824 -0.00239869
2668910186 -0.00604798
506765730 -0.0088566
261504711 -0.0204838
1643589477 -0.0165238
535941527 -0.012569
2247380215 -0.0106377
2131827147 -0.0189725
4284594406 -0.0125883
3928550205 -0.0232963
3962483774 -0.00672188
3110804562 -0.000319655
3808351211 -0.035079
394783903 -0.00487003
3210259165 -0.000954162
2695876773 -0.00140878
4214050840 0.00393438
3499659669 0.00393438
2320719623 0.00393438
3155893353 0.00241222
3162095595 0.00135665
1794856285 -0.0100386
2203438724 -0.0930431
174105210 -0.00734351
1023510474 -0.035079
3513799629 -0.0106377
3679368291 -0.00278881
642521268 -0.0140713
198393422 -0.012569
3223614919 -0.00562375
1460362125 -0.0312565
4097946403 -0.012569
2588037217 -0.00358283
1728049363 -0.0102853
1417015101 -0.00202283
1196281327 -0.00113655
2822609060 -0.00109704
3681638025 -5.25237e-05
1800304628 -0.0116536
4258525089 -0.162445
1668394961 -0.106229
2965166580 -0.0930431
3768420552 -0.0533833
3573108544 0.00241222
3468144064 -0.0420096
246159599 0.00498797
4166495700 -0.00273924
3578303371 -0.0352352
1507441971 -0.000654494
600785841 -0.017415
1552103602 -0.162445
1157734194 -0.162445
138957387 -0.00562375
2603231137 -0.00207973
916791228 -0.035079
1217591274 -0.000681097
4013197400 0.00758248
847094226 -0.017415
2012617064 -0.100306
1460428146 -0.0232963
