3159882689 -0.0142521
3586533348 -0.000968814
2026563337 0.00394993
2342242945 -0.00523309
3077625518 -0.0301139
350495454 -0.00264907
4073368448 0.0036376
4210192640 -0.00470658
1068486945 -0.155464
3402335971 -0.00413327
3513799629 -0.0110527
2511575324 -0.0908856
2247380215 -0.0110527
4072383076 -0.0609838
1747869855 -0.017954
3824128002 -0.00418616
888806534 0.00190822
648299962 -0.0157011
2076461858 0.00237244
3468144064 -0.0367575
3484842215 -0.155464
3103721368 -0.000632285
417937679 0.00216922
3573108544 0.00216922
2809633026 0.00216922
3340113727 -0.000968814
3110804562 -0.00676818
4258525089 -0.155464
3376545127 -0.00676818
2348409359 -0.00102768
1890888466 -0.001464
1649915976 -0.00532023
33450972 -0.00209831
3077701824 -0.00236246
2636560243 -0.0105289
3450350195 -0.00236246
2282412694 -0.0367575
2208327497 -0.011157
2037212670 -9.11288e-05
60608086 -0.00565394
4030029379 -0.00271232
2051163565 -0.0157011
2496582483 -0.000968814
3413310241 -0.0165416
4258915161 -0.00236246
1379313878 -0.0105289
4093622152 -0.00244863
4100164576 0.00394993
3284042598 -0.00361353
2864731008 0.00237244
168721373 -0.101106
2655866658 -0.000632285
4205517319 -0.0486084
1614564814 -0.0908856
2808859044 -0.091219
1994507682 -0.155464
1214198145 -0.00395708
31130388 0.00237244
2865221492 -0.000204476
1692767744 -0.0908856
1023510474 -0.0301139
3828226200 -0.0908856
4112518923 -0.155464
2001570321 -0.00207949
816205235 -0.00884113
1019609506 -0.017954
2750319301 -0.00278679
3473645296 -0.00510845
1088945299 -0.00884113
1886972492 -0.0498679
1139488070 -0.0410632
3622032981 -0.0187127
989097633 -0.127993
2728127955 -0.00954501
75549082 -0.0138896
3223614919 -0.00394519
1297152772 -0.000204476
1879909838 -0.0165566
1461071546 -0.00102768
4167359922 -0.0110527
3013433801 -0.000976952
687381725 -0.00642944
1402554340 -0.00920063
3269753752 -0.0165038
594719562 -0.00511437
408795628 -0.0168741
3422913332 -0.0168741
2924471996 -0.0367575
3661966879 -0.0142521
1830739977 -0.0100533
952898568 -0.00185452
854720261 -0.00566809
4145317105 -0.00470826
3416930943 -0.00433727
220906968 -0.0100533
3784310625 -0.0908856
1720049421 0.00190822
587092444 -0.00522323
2659434454 -0.00523309
1083394991 -0.0514851
450879470 0.0036376
103118721 -0.00470826
4013197400 0.00784331
1794856285 -0.00522323
1668202269 -0.0142521
1342157981 -0.00884113
1348676663 -0.00594512
1214918195 -0.101106
3119150608 -0.00510845
3928550205 -0.0185325
328194109 -0.00770138
1412340566 -1.72566e-06
916791228 -0.0301139
511244140 -0.00102768
726748024 -0.000632285
1106053494 -0.0165566
609703868 -0.0109979
3768420552 -0.0589788
4259269111 -0.00418616
2934824804 -0.155464
2626831277 -0.017954
2722766595 -0.0316695
2813716466 -0.00209831
2597147609 -0.00416716
503523818 -0.155464
309476610 -0.0138896
53654230 -0.00305632
1227902734 -0.0101991
1331964967 -0.155464
1944161631 -0.0101991
2478103383 -0.00153331
331219308 -0.155464
362647885 -0.0768117
2429821563 -0.155464
2621622536 -0.155464
813781066 -0.00881851
1639781972 -0.000734679
847094226 -0.0162058
784611069 -0.00199605
242579288 -0.0168741
1599691429 -0.00510845
4218091012 -0.0146015
4157794503 -0.00305632
2467071049 -0.155464
3576510868 -0.0486084
2569680726 -0.00394519
24766274 -0.00881851
484309559 -0.0110527
3524065126 -0.155464
611520789 -0.00676818
609342700 -0.00566809
2127797818 -0.0089886
1208828684 -0.0105289
3676840785 -0.00183049
2633191638 -0.0168741
3957647522 -0.0185325
2739197308 -0.00986713
3196305184 -0.00199605
862088666 -0.091219
722599523 -0.00184515
4181232444 -0.0514851
4041595577 -0.00271232
340283560 -0.0279744
3387954407 -0.00199605
3155893353 0.00216922
4160373385 -0.00954501
2107750054 -0.00271232
3419577079 -0.017954
3028467478 -0.00416716
3408801716 -0.00510845
2368328509 -0.000204476
3512686521 -0.00305632
2353315960 -0.00881851
2870066588 0.00216922
2337062318 -0.00676818
2192770400 -0.091219
1853351806 -0.0061245
3828946292 -0.00676818
2578480025 -0.000204476
348965350 -0.0836779
1610117894 -0.00511437
3040060696 -0.00566809
3650476081 -0.0165038
3615457753 -0.00510845
409439540 -0.0589788
1042673590 -0.0486084
2012617064 -0.0486084
3175070855 -0.0589788
3889918511 -0.00920063
144944517 -0.0461658
1080665860 -0.0165566
4284594406 -0.0165566
3507834445 -0.0165038
3490111306 -0.011157
2009499608 -0.0168741
814323586 -0.00514631
3454216039 -0.0165416
2996734433 -0.0185325
677201290 -0.0101991
3756591986 -0.00511437
2843824084 -0.00511437
570932490 -0.00395708
503113475 0.0036376
1955002940 -0.0105289
2778546339 -0.00523309
3876134116 -0.0136435
4049155636 -0.011157
1502963371 -0.00804757
346332184 -0.00400109
1560336220 -0.0162058
3962483774 -0.00442846
3514939599 -0.0061245
3140841674 0.00190822
755151769 -0.00394519
2125847845 -0.00470658
694678698 -0.0036456
240321797 -0.00920063
2099288197 -0.00395708
3113006428 -0.0142521
2641233962 -0.0486084
1563778072 -0.0100533
1956232018 -0.0185325
3904323026 -0.00893367
236369400 -0.00565394
414185897 -0.00804757
3501619897 -0.0110527
2730127352 -0.091219
3540489244 0.00190822
1668394961 -0.101106
1816786186 -0.00884113
562900972 -0.0142521
3241095964 -0.00102768
943524439 -0.00522323
2037897888 -0.00461404
4097946403 -0.0146015
406984589 -0.00102768
2272255135 -0.0105289
2201423994 -0.0157011
3227208719 0.0036376
2999558953 -0.155464
4085699543 -0.00452887
960766302 -0.00523309
1507441971 -0.00279569
4153900588 -0.0061245
4068714951 -0.0514851
2992361098 -0.091219
3201352653 -0.0061245
187665100 -0.00199605
3754452299 -0.155464
2588037217 -0.00395708
789587149 -0.011157
4167620350 -0.00461404
1696892145 -0.00461404
2668910186 -0.00461404
303606737 -0.00236246
2919392317 -0.000968814
3162095595 0.00237244
2353789938 -0.00881851
3997492553 -0.00804757
2922694512 -0.00646226
540093018 -0.00264439
3040627814 -0.00394519
3651098565 -0.00264907
837496238 -0.00264907
138957387 -0.00394519
2169194919 -0.155464
1098240640 -0.00271232
3808351211 -0.0301139
1957257775 -0.000968814
2459566987 -9.11288e-05
198393422 -0.0146015
1358373431 -0.00264907
1855717160 -0.0100533
2999644973 -0.011157
2589233783 -0.0367575
967194564 -0.00236246
1417015101 -0.00375531
3992833684 -0.0121309
649420955 -0.00244863
777599666 -0.00461404
4137844462 -0.000632285
3244275741 -0.00565394
40996090 -0.0165416
652877872 -0.00565394
1759058572 -0.00470826
2123068591 -0.00470658
4250451206 -0.00121506
3979502784 -0.00275867
4109730349 -0.00153331
3984727704 -9.11288e-05
867396152 -0.00804757
3340792401 -9.11288e-05
2949164478 -0.00920063
2913616310 -0.0138896
1638609704 -0.0218467
3295815498 -0.0157011
1983742981 -0.00153331
2257091313 -0.0165038
3256501030 -0.0162058
664194804 -0.0589788
4150456259 -0.0246848
3010975974 -0.00395708
2669474086 -0.00522323
4214050840 0.00394993
4072636110 -0.00418616
1032703249 -0.00209831
1840549049 -0.00418616
3307149330 -0.00244863
246159599 0.00497873
4108817096 -0.00153331
394783903 -0.00416716
1460428146 -0.0185325
3390545656 -0.00470826
4015586685 -0.00271232
3068065464 -0.00127934
3679368291 -0.0020723
4077923174 -0.0925821
1390021017 -0.00209831
941971035 0.00237244
2159361327 -0.0100533
630890747 -0.0514851
3178482882 -0.000632285
2320719623 0.00394993
2747169221 -0.000204476
506765730 -0.0101991
722686710 -0.00566809
535941527 -0.0146015
642521268 -0.00881851
2131827147 -0.00954501
2023937645 -0.0301139
2798145565 -0.00416716
391600216 -0.0138896
2369629527 -0.0589788
1800304628 -0.0114136
3124735508 -0.0157011
3499659669 0.00394993
1141674736 -0.00511437
2372549128 -0.0146015
1552103602 -0.155464
1157734194 -0.155464
2216935762 -0.00305632
1643589477 -0.017954
1659218527 -0.0165416
1605803999 -0.000114444
600785841 -0.0162058
261504711 -0.0165416
78039833 -0.0165566
2722132332 -0.0400039
2203438724 -0.0925821
2824890499 -0.155464
1460362125 -0.0325007
3578303371 -0.0514851
2832312000 -0.091219
992372818 -0.00470658
1688910903 -0.0165038
2919182003 -0.00522323
3454942386 -0.155464
1728049363 -0.00804757
2965166580 -0.0925821
2603231137 -0.00539841
76750958 -0.00470826
1430112322 -0.155464
