2208327497 -0.0102502
4258915161 -0.00132169
3402335971 -0.00330131
40996090 -0.0176809
2843824084 -0.000396396
3484842215 -0.158201
1649915976 -0.00230236
1331964967 -0.158201
1692767744 -0.0900373
33450972 -0.000271159
2669474086 -0.00949491
3928550205 -0.0205141
3340113727 -0.000324519
2569680726 -0.00263467
2597147609 -0.00318963
2076461858 0.00363528
3269753752 -0.0157301
1879909838 -0.0143114
3828226200 -0.0900373
2001570321 -0.00194393
2117133652 -0.000209861
1563778072 -0.00802899
1032864094 -0.000609117
350495454 -0.00319461
3904323026 -0.00505551
2922694512 -0.00110542
503523818 -0.158201
1214198145 -0.00219899
3468144064 -0.0437157
3576510868 -0.0684305
3175070855 -0.0586954
854720261 -0.0026382
1390021017 -0.000271159
4210192640 -0.00167636
3586533348 -0.000324519
4145317105 -0.00177591
406984589 -0.0152636
3155893353 0.00232129
1068486945 -0.158201
3540380836 -0.000609117
2864731008 0.00363528
609703868 -0.00987056
1088945299 -0.0140686
2123068591 -0.00167636
1944161631 -0.0125484
1696892145 -0.00892284
4093622152 -0.00611518
1886085176 -0.00119477
4252437569 -0.00591738
1614564814 -0.0900373
3876134116 -0.0102037
3450350195 -0.00132169
694678698 -0.00493304
3376545127 -0.00121222
2368328509 -0.00111387
3512686521 -0.0065376
1297152772 -0.00111387
3605202573 -0.000579317
562900972 -0.0123098
3244275741 -0.00332259
60608086 -0.00332259
236369400 -0.00332259
2808859044 -0.0912314
4049155636 -0.0102502
1358373431 -0.00319461
1023510474 -0.0291305
198136281 -0.000609117
777599666 -0.00892284
2636560243 -0.00833721
2750319301 -0.00470251
948043381 -0.00893539
4160373385 -0.0147757
1555760317 -0.000209861
3068065464 -0.00551711
4205517319 -0.0684305
3701340724 -0.000209861
2588037217 -0.00219899
3651098565 -0.00319461
2353789938 -0.00987813
1840549049 -0.00925427
4072383076 -0.0602963
862088666 -0.0912314
75549082 -0.0101381
2282412694 -0.0437157
1379313878 -0.00833721
3028467478 -0.00318963
3347912765 -0.00119477
3501619897 -0.0142501
1317514601 -0.00119477
3178482882 -0.00229148
2655866658 -0.00229148
1668202269 -0.0123098
1227902734 -0.0125484
4218091012 -0.0164184
992372818 -0.00167636
2348409359 -0.0152636
2023937645 -0.0291305
2099288197 -0.00219899
2919182003 -0.00949491
53654230 -0.0065376
3113006428 -0.0123098
417937679 0.00232129
2999644973 -0.0102502
3997492553 -0.0073921
648299962 -0.0179054
2949164478 -0.0125574
2747169221 -0.00111387
2353315960 -0.00987813
4181232444 -0.0409601
2272255135 -0.00833721
3119150608 -0.00332228
1994507682 -0.158201
649420955 -0.00611518
3040627814 -0.00263467
3419577079 -0.0220158
1502963371 -0.0073921
1461071546 -0.0152636
2578480025 -0.00111387
2127797818 -0.00948127
611520789 -0.00121222
484309559 -0.0142501
2369629527 -0.0586954
103118721 -0.00177591
2051163565 -0.0179054
3808351211 -0.0291305
1816786186 -0.0140686
1956232018 -0.0205141
503113475 0.00386202
1083394991 -0.0409601
3284042598 -0.00613591
3413310241 -0.0176809
328194109 -0.0103733
916791228 -0.0291305
2342242945 -0.00477249
726748024 -0.00229148
2934824804 -0.158201
847094226 -0.0169843
2813716466 -0.000271159
600785841 -0.0169843
1019609506 -0.0220158
2398087802 -0.000169032
3454216039 -0.0176809
2996734433 -0.0205141
3957647522 -0.0205141
3513799629 -0.0142501
242579288 -0.0126752
240321797 -0.0125574
408795628 -0.0126752
1685386623 -0.000579317
813781066 -0.00987813
2633191638 -0.0126752
24766274 -0.00987813
2626831277 -0.0220158
2216935762 -0.0065376
814323586 -0.00350778
2131827147 -0.0147757
348965350 -0.0856219
3307149330 -0.00611518
2256266646 -6.76745e-05
3202399242 -0.00194463
3408801716 -0.00332228
2739197308 -0.00739638
2429821563 -0.158201
2621622536 -0.158201
1214918195 -0.105084
331219308 -0.158201
362647885 -0.0770163
3784310625 -0.0900373
1080665860 -0.0143114
2999558953 -0.158201
816205235 -0.0140686
2037897888 -0.00892284
2992361098 -0.0912314
3201352653 -0.0057931
1157734194 -0.158201
3828946292 -0.00121222
1139488070 -0.0394474
1886972492 -0.0442706
2728127955 -0.0147757
1560336220 -0.0169843
3962483774 -0.00433274
3454942386 -0.158201
784611069 -0.00389148
1042673590 -0.0684305
4112518923 -0.158201
1853351806 -0.0057931
340283560 -0.0288261
3676840785 -0.00573973
2865221492 -0.00111387
3490111306 -0.0102502
2641233962 -0.0684305
2012617064 -0.0684305
2192770400 -0.0912314
2201423994 -0.0179054
4013197400 0.00419267
2511575324 -0.0900373
2730127352 -0.0912314
4077923174 -0.0921192
3507834445 -0.0157301
3159882689 -0.0123098
2159361327 -0.00802899
3756591986 -0.000396396
677201290 -0.0125484
3196305184 -0.00389148
4284594406 -0.0143114
3387954407 -0.00389148
511244140 -0.0152636
3650476081 -0.0157301
3992833684 -0.0130673
3077701824 -0.00132169
414185897 -0.0073921
1830739977 -0.00802899
2337062318 -0.00121222
1855717160 -0.00802899
989097633 -0.130167
4072636110 -0.00925427
540093018 -0.00139969
3622032981 -0.0172749
1955002940 -0.00833721
1141674736 -0.000396396
3390545656 -0.00177591
3153662117 -0.00200654
4137844462 -0.00229148
3889918511 -0.0125574
1759058572 -0.00177591
309476610 -0.0101381
664194804 -0.0586954
4167620350 -0.00892284
789587149 -0.0102502
1123418009 -6.76745e-05
4150456259 -0.0207644
1624232979 -0.000579317
3661966879 -0.0123098
1249324714 -6.76745e-05
1688910903 -0.0157301
261504711 -0.0176809
2203438724 -0.0921192
3014335135 -0.00285816
2166721244 -0.000209861
3227208719 0.00386202
4085699543 -0.00380899
450879470 0.00386202
3077625518 -0.0291305
2603231137 -0.00773767
346332184 -0.00343271
1890888466 -0.00274706
2778546339 -0.00477249
2125847845 -0.00167636
3327645142 -0.000579317
587092444 -0.00949491
3615457753 -0.00332228
3473645296 -0.00332228
3103721368 -0.00229148
1599691429 -0.00332228
2722766595 -0.0354856
3295815498 -0.0179054
3979502784 -0.00354672
1868785517 -6.76745e-05
4258525089 -0.158201
914762176 -0.000609117
1342157981 -0.0140686
1460362125 -0.0315147
3514939599 -0.0057931
3241095964 -0.0152636
943524439 -0.00949491
3010975974 -0.00219899
570932490 -0.00219899
687381725 -0.00845259
78039833 -0.0143114
2722132332 -0.0473202
2257091313 -0.0157301
1208828684 -0.00833721
609342700 -0.0026382
3068673577 -0.00112125
3040060696 -0.0026382
3162095595 0.00363528
4100164576 0.00396742
837496238 -0.00319461
2809633026 0.00232129
1638609704 -0.0219704
1348676663 -0.00330646
1874121111 -0.000209861
722599523 -0.00291911
594719562 -0.000396396
1659218527 -0.0176809
1800304628 -0.0114983
1417015101 -0.00303386
1106053494 -0.0143114
144944517 -0.050928
3573108544 0.00232129
3824128002 -0.00925427
1747869855 -0.0220158
867396152 -0.0073921
4097946403 -0.0164184
4157794503 -0.0065376
2467071049 -0.158201
187665100 -0.00389148
394783903 -0.00318963
4167359922 -0.0142501
2919392317 -0.000324519
1957257775 -0.000324519
409439540 -0.0586954
4073368448 0.00386202
755151769 -0.00263467
3754452299 -0.158201
2169194919 -0.158201
960766302 -0.00477249
4153900588 -0.0057931
4068714951 -0.0409601
2913616310 -0.0101381
2496582483 -0.000324519
3223614919 -0.00263467
3422913332 -0.0126752
2870066588 0.00232129
303606737 -0.00132169
1402554340 -0.0125574
31130388 0.00363528
2009499608 -0.0126752
1668394961 -0.105084
535941527 -0.0164184
2589233783 -0.0437157
967194564 -0.00132169
168721373 -0.105084
2659434454 -0.00477249
2183104177 -0.000579317
2247380215 -0.0142501
1728049363 -0.0073921
246159599 0.00562337
630890747 -0.0409601
2924471996 -0.0437157
2824890499 -0.158201
220906968 -0.00802899
391600216 -0.0101381
1552103602 -0.158201
1217591274 -0.000609117
722686710 -0.0026382
652877872 -0.00332259
941971035 0.00363528
3524065126 -0.158201
520661538 -6.76745e-05
2668910186 -0.00892284
506765730 -0.0125484
198393422 -0.0164184
3124735508 -0.0179054
138957387 -0.00263467
3679368291 -0.00818638
3256501030 -0.0169843
4214050840 0.00396742
2026563337 0.00396742
3499659669 0.00396742
2320719623 0.00396742
788013522 -0.00119477
3578303371 -0.0409601
1460428146 -0.0205141
2832312000 -0.0912314
3110804562 -0.00121222
4259269111 -0.00925427
3179128925 -0.00163709
76750958 -0.00177591
1430112322 -0.158201
642521268 -0.00987813
1643589477 -0.0220158
3768420552 -0.0586954
1794856285 -0.00949491
1610117894 -0.000396396
1032703249 -0.000271159
2798145565 -0.00318963
2372549128 -0.0164184
2965166580 -0.0921192
