2320719623 0.00397836
2026563337 0.00397836
4214050840 0.00397836
4100164576 0.00397836
854720261 -0.00457381
3586533348 -0.00443121
350495454 -0.00190593
1994507682 -0.160775
3269753752 -0.0228691
4013197400 0.00665571
3473645296 -0.00382815
3113006428 -0.0208485
2208327497 -0.0147821
31130388 0.00580279
2728127955 -0.0171254
2528188504 -0.000219445
406984589 -0.00609864
3576510868 -0.10751
1853351806 -0.00728171
2216935762 -0.00104548
2051163565 -0.0122633
3285021726 -0.00283574
78039833 -0.0164045
2722132332 -0.0371354
1461071546 -0.00609864
331219308 -0.160775
362647885 -0.0768098
2496582483 -0.00443121
1379313878 -0.00695907
3992833684 -0.0126642
40996090 -0.0199961
1019609506 -0.0206261
303606737 -0.00177985
417937679 0.00245749
2368328509 -0.00143048
3512686521 -0.00104548
726748024 -0.00169951
2076461858 0.00580279
3419577079 -0.0206261
4137844462 -0.00169951
3155893353 0.00245749
1348676663 -0.00267542
220906968 -0.00526919
3413310241 -0.0199961
414185897 -0.0113171
3499659669 0.00397836
2372549128 -0.010782
2843824084 -0.0044832
109331286 -0.000595326
648299962 -0.0122633
649420955 -0.00530102
503113475 0.00241568
2722766595 -0.0338581
2353789938 -0.0116049
1080665860 -0.0164045
2247380215 -0.013096
630890747 -0.0339728
3040060696 -0.00457381
2597147609 -0.00341379
1983742981 -0.00259935
2348409359 -0.00609864
837496238 -0.00190593
484309559 -0.013096
2655866658 -0.00169951
3103721368 -0.00169951
3501619897 -0.013096
240321797 -0.00601884
3153662117 -7.55323e-06
2201423994 -0.0122633
3124735508 -0.0122633
1879909838 -0.0164045
2037212670 -0.00301931
1563778072 -0.00526919
1208828684 -0.00695907
3068673577 -0.00120689
1830739977 -0.00526919
3756591986 -0.0044832
677201290 -0.00736573
2159361327 -0.00526919
1227902734 -0.00736573
1944161631 -0.00736573
4210192640 -0.0022449
1955002940 -0.00695907
4049155636 -0.0147821
3622032981 -0.0173182
2621622536 -0.160775
2633191638 -0.016331
664194804 -0.0450519
328194109 -0.00560157
4160373385 -0.0171254
1886972492 -0.0405482
3422913332 -0.016331
562900972 -0.0208485
2924471996 -0.0401738
503523818 -0.160775
3679368291 -0.00708443
3957647522 -0.0199869
2832312000 -0.0942925
1747869855 -0.0206261
3824128002 -0.00524832
2999644973 -0.0147821
1956232018 -0.0199869
3347912765 -0.000142906
340020233 -0.00398829
3611081134 -0.00398829
1610117894 -0.0044832
1502963371 -0.0113171
2750319301 -0.00432155
948043381 -0.00806336
2120356631 0.000496492
1299330628 -0.006376
408795628 -0.016331
367814234 -0.00379584
75549082 -0.00829791
2037897888 -0.00307
1668202269 -0.0208485
1955984430 -0.00398829
1214918195 -0.106317
788013522 -0.000142906
3244275741 -0.00695205
1855717160 -0.00526919
3976027647 -0.00357904
3490111306 -0.0147821
3524065126 -0.160775
2588037217 -0.001544
816205235 -0.0152671
2636560243 -0.00695907
1297152772 -0.00143048
3651098565 -0.00190593
4072636110 -0.00524832
506765730 -0.00736573
24766274 -0.0116049
3889918511 -0.00601884
3997492553 -0.0113171
2429821563 -0.160775
3754452299 -0.160775
2272255135 -0.00695907
450879470 0.00241568
1139488070 -0.0444894
3068065464 -0.00111473
3454216039 -0.0199961
1042673590 -0.10751
60608086 -0.00695205
3784310625 -0.0735217
722686710 -0.00457381
1599691429 -0.00382815
4218091012 -0.010782
391600216 -0.00829791
2369629527 -0.0450519
4153900588 -0.00728171
4068714951 -0.0339728
642521268 -0.0116049
2342242945 -0.00924735
3573108544 0.00245749
3196305184 -0.00324976
3468144064 -0.0401738
2626831277 -0.0206261
187665100 -0.00324976
1794856285 -0.0034807
1083394991 -0.0339728
1088945299 -0.0152671
600785841 -0.0114214
3676840785 -0.0123998
60313977 -0.00447663
814323586 -0.00260606
3295815498 -0.0122633
3162095595 0.00580279
2864731008 0.00580279
4072383076 -0.0474975
2996734433 -0.0199869
960766302 -0.00924735
3484842215 -0.160775
4077923174 -0.092311
1206731532 -0.000728867
1023510474 -0.0324468
236369400 -0.00695205
2131827147 -0.0171254
867396152 -0.0113171
3340792401 -0.00301931
4181232444 -0.0339728
941971035 0.00580279
2992361098 -0.0942925
1659218527 -0.0199961
813781066 -0.0116049
1106053494 -0.0164045
242579288 -0.016331
3284042598 -0.00134063
3307149330 -0.00530102
3002809686 -0.00118005
4157794503 -0.00104548
2467071049 -0.160775
1317514601 -0.000142906
144944517 -0.0498065
1560336220 -0.0114214
4150456259 -0.0261318
3507834445 -0.0228691
989097633 -0.143024
4085699543 -0.00215592
2999558953 -0.160775
2808859044 -0.0942925
3028467478 -0.00341379
4167359922 -0.013096
2478103383 -0.00259935
1342157981 -0.0152671
1068486945 -0.160775
3201352653 -0.00728171
4097946403 -0.010782
2169194919 -0.160775
1141674736 -0.0044832
53654230 -0.00104548
609703868 -0.00761059
261504711 -0.0199961
4093622152 -0.00530102
2739197308 -0.00486549
3175070855 -0.0450519
3615457753 -0.00382815
409439540 -0.0450519
4112518923 -0.160775
4259269111 -0.00524832
594719562 -0.0044832
1840549049 -0.00524832
4205517319 -0.10751
2922694512 -0.00511133
309476610 -0.00829791
2569680726 -0.00405086
3650476081 -0.0228691
3077701824 -0.00177985
1649915976 -0.00110424
3159882689 -0.0208485
3408801716 -0.00382815
3984727704 -0.00301931
1417015101 -0.00213038
2203438724 -0.092311
1460428146 -0.0199869
340283560 -0.0303834
3387954407 -0.00324976
2870066588 0.00245749
2778546339 -0.00924735
2949164478 -0.00601884
1688910903 -0.0228691
1402554340 -0.00601884
1358373431 -0.00190593
2919392317 -0.00443121
1412340566 -0.000587562
2798145565 -0.00341379
3828226200 -0.0735217
1692767744 -0.0735217
1957257775 -0.00443121
587092444 -0.0034807
1552103602 -0.160775
694678698 -0.00180032
2125847845 -0.0022449
2641233962 -0.10751
1728049363 -0.0113171
3514939599 -0.00728171
784611069 -0.00324976
1638609704 -0.0249374
3876134116 -0.00703657
3040627814 -0.00405086
2669474086 -0.0034807
3904323026 -0.0030226
3928550205 -0.0199869
3010975974 -0.001544
570932490 -0.001544
2099288197 -0.001544
3178482882 -0.00169951
138957387 -0.00405086
609342700 -0.00457381
2459566987 -0.00301931
2123068591 -0.0022449
2192770400 -0.0942925
3223614919 -0.00405086
4073368448 0.00241568
755151769 -0.00405086
4109730349 -0.00259935
3340113727 -0.00443121
3402335971 -0.000334089
3661966879 -0.0208485
2511575324 -0.0735217
789587149 -0.0147821
4167620350 -0.00307
1696892145 -0.00307
2730127352 -0.0942925
4252437569 -0.00035848
4284594406 -0.0164045
2824890499 -0.160775
2809633026 0.00245749
687381725 -0.00302176
2913616310 -0.00829791
3520458539 0.00172365
4258915161 -0.00177985
3241095964 -0.00609864
943524439 -0.0034807
2659434454 -0.00924735
2282412694 -0.0401738
1816786186 -0.0152671
3077625518 -0.0324468
1214198145 -0.001544
862088666 -0.0942925
916791228 -0.0324468
777599666 -0.00307
1460362125 -0.0316392
2603231137 -0.000131122
1886085176 -0.000142906
2127797818 -0.00913632
1890888466 -0.00344218
2934824804 -0.160775
3256501030 -0.0114214
535941527 -0.010782
2009499608 -0.016331
2865221492 -0.00143048
652877872 -0.00695205
1668394961 -0.106317
1614564814 -0.0735217
2589233783 -0.0401738
967194564 -0.00177985
2965166580 -0.092311
1331964967 -0.160775
3454942386 -0.160775
2578480025 -0.00143048
3227208719 0.00241568
246159599 0.00663817
2023937645 -0.0324468
2668910186 -0.00307
348965350 -0.0891845
2822609060 -0.00398829
1800304628 -0.0130462
2353315960 -0.0116049
3979502784 -0.00215809
3450350195 -0.00177985
3014984883 -0.00767767
394783903 -0.00341379
168721373 -0.106317
3513799629 -0.013096
1157734194 -0.160775
511244140 -0.00609864
2919182003 -0.0034807
4108817096 -0.00259935
2747169221 -0.00143048
3768420552 -0.0450519
174105210 -0.00502671
3119150608 -0.00382815
1643589477 -0.0206261
3578303371 -0.0339728
1430112322 -0.160775
847094226 -0.0114214
992372818 -0.0022449
198393422 -0.010782
2012617064 -0.10751
3962483774 -0.00122466
4258525089 -0.160775
3808351211 -0.0324468
2257091313 -0.0228691
