2813716466 -0.00188786
1214918195 -0.111812
4258915161 -0.000795345
2353315960 -0.0090156
1570304703 -0.00188952
917813208 0.00186763
1461071546 -0.000412477
2247380215 -0.0116065
40996090 -0.0223715
3611081134 -0.00116074
4077107740 -0.00188952
1692767744 -0.0746228
2201423994 -0.0172153
1214198145 -0.00452664
2348409359 -0.000412477
2798145565 -0.00296228
2509749026 -0.00188952
916791228 -0.0361925
2208327497 -0.0170216
3077625518 -0.0361925
1563778072 -0.00669624
1141674736 -0.00325351
3576510868 -0.107146
2843824084 -0.00325351
788013522 -0.000654975
443901721 -0.00188952
2118542586 -0.00188952
1331601258 -0.00188952
2442771343 -0.00188952
3103721368 -0.00234944
309476610 -0.0127538
4157794503 -0.00624595
303606737 -0.000795345
503523818 -0.164904
1779604912 0.00365885
3269753752 -0.0112417
3002809686 -0.00355226
594719562 -0.00325351
664194804 -0.0409437
4205517319 -0.107146
2192770400 -0.0924049
694678698 -0.00238998
847094226 -0.0114201
2123245215 -0.000508526
3512686521 -0.00624595
3450350195 -0.000795345
2372549128 -0.0144797
168721373 -0.111812
2864731008 -0.012021
4049155636 -0.0170216
2641233962 -0.107146
687381725 -0.0046371
2919182003 -0.00642844
503113475 0.00347758
261504711 -0.0223715
3413310241 -0.0223715
3284042598 -0.00699702
2051163565 -0.0172153
1139488070 -0.0482117
1886972492 -0.0424651
1080665860 -0.0172786
941971035 -0.00814759
2636560243 -0.00977276
367814234 -0.00693591
75549082 -0.0127538
3143350086 -0.000991632
2702431645 -0.000991632
1994507682 -0.164904
331219308 -0.162742
362647885 -0.0798882
578100714 -0.000508526
992372818 -0.00359878
2267038766 -0.00188952
3828226200 -0.0746228
60608086 -0.0115558
960766302 -0.00780016
2459566987 -0.00161017
3984727704 -0.00161017
1379313878 -0.0124822
3889918511 -0.0131623
1879909838 -0.0172786
562900972 -0.022238
1955984430 -0.00116074
350495454 -0.00283526
2099288197 -0.00452664
1614564814 -0.0746228
4210192640 -0.00359878
648299962 -0.0172153
570932490 -0.00452664
1412340566 -0.00229134
1560336220 -0.0114201
1840549049 -0.00729656
1304272554 -0.0358682
53654230 -0.00624595
3520458539 0.000181971
3501619897 -0.012376
2320719623 0.00248003
2026563337 0.00248003
3119150608 -0.0109351
4100164576 0.00248003
3828946292 -0.000527176
236369400 -0.0115558
1156616150 -0.000447036
3490111306 -0.0170216
3876134116 -0.00597554
3416930943 -0.00403253
1944161631 -0.0128878
2478103383 -0.00196974
777599666 -0.00611536
60313977 -0.00888078
198393422 -0.0144797
2722132332 -0.0349712
78039833 -0.0172786
4218091012 -0.0144797
1042673590 -0.107146
4093622152 -0.0056569
4284594406 -0.0172786
1088945299 -0.0142858
1083394991 -0.0328357
4247901618 -0.00188952
240321797 -0.0131623
2282412694 -0.0412587
340283560 -0.0320127
1348676663 -0.00453853
2203438724 -0.0973083
3651098565 -0.00283526
1299330628 -0.00109347
408795628 -0.0159653
2272255135 -0.0124822
3295815498 -0.0172153
2120356631 2.231e-05
3701340724 -0.000264863
3524065126 -0.162742
3068673577 -0.00279136
2569680726 -0.00239225
2117133652 -0.000264863
2808859044 -0.0907567
3376545127 -0.000527176
4181232444 -0.0328357
2999558953 -0.164904
2166721244 -0.000264863
3159882689 -0.022238
3402335971 -0.00197771
4021645677 0.00365885
2012617064 -0.107146
2922694512 -0.00898811
2992361098 -0.0924049
1955002940 -0.0124822
1106053494 -0.0172786
2369629527 -0.0409437
3928550205 -0.0210543
2551097216 -0.000991632
1670242698 -0.00188952
3454216039 -0.0223715
2996734433 -0.0241835
1208828684 -0.00977276
587092444 -0.00642844
2778546339 -0.00780016
4214050840 0.00248003
2673077985 -0.000554096
4112518923 -0.162742
1206731532 -0.00380193
2084248659 -0.0358682
2253088079 -0.000312377
2467071049 -0.162742
2337062318 -0.000527176
3028467478 -0.00296228
2924471996 -0.040712
1956232018 -0.0241835
3768420552 -0.0409437
512291396 0.00365885
4167620350 -0.00611536
789587149 -0.0170216
2832312000 -0.0924049
3784310625 -0.0746228
2999644973 -0.0170216
2342242945 -0.00906158
3957647522 -0.0210543
2216935762 -0.00624595
328194109 -0.00254164
1668202269 -0.022238
726748024 -0.00234944
4068714951 -0.0328357
3756591986 -0.00325351
677201290 -0.0128878
867396152 -0.0144056
3340792401 -0.00240174
2511575324 -0.0746228
1227902734 -0.0128878
3113006428 -0.022238
4085699543 -0.00547215
2169194919 -0.162742
340020233 -0.00116074
1639781972 -1.40811e-05
409439540 -0.0409437
3615457753 -0.0109351
862088666 -0.0924049
2125847845 -0.00359878
3754452299 -0.162742
2809633026 0.000831554
109331286 -0.004302
3484842215 -0.162742
3650476081 -0.0112417
2722766595 -0.0247961
3241095964 -0.000412477
943524439 -0.00642844
144944517 -0.0399664
3507834445 -0.0112417
3976027647 -0.00708376
1019609506 -0.0201514
600785841 -0.0114201
784611069 -0.00332865
3327645142 -0.00491952
1728049363 -0.0144056
3605202573 -0.00491952
3622032981 -0.0202907
2621622536 -0.162742
348965350 -0.0912304
2626831277 -0.0201514
2127797818 -0.00616333
2560606264 -0.000554096
2076461858 -0.012021
2655866658 -0.00234944
603145376 -0.0358682
3661966879 -0.022238
1624232979 -0.00491952
4072383076 -0.0425804
2949164478 -0.0131623
1502963371 -0.0144056
1342157981 -0.0142858
3992833684 -0.0152271
649420955 -0.0056569
3997492553 -0.0144056
4112662811 -0.00188952
2633191638 -0.0159653
4250451206 -0.00211371
3422913332 -0.0159653
242579288 -0.0159653
24766274 -0.0090156
1643589477 -0.0201514
948043381 -0.00122119
31130388 -0.012021
1874121111 -0.000264863
2668910186 -0.00611536
1417015101 -0.000377166
4109730349 -0.00196974
220906968 -0.00669624
417937679 0.000831554
3014984883 -0.00408763
3473645296 -0.0109351
3419577079 -0.0201514
2597147609 -0.00296228
1794856285 -0.00642844
187665100 -0.00261766
3824128002 -0.00729656
1747869855 -0.0201514
2023937645 -0.0361925
1890888466 -0.00172158
1555760317 -0.000264863
3676840785 -0.004463
1830739977 -0.00669624
3387954407 -0.00261766
2009499608 -0.0159653
4160373385 -0.0181727
3586533348 -0.0015963
1157734194 -0.164904
4072636110 -0.00729656
2728127955 -0.0205243
3227208719 0.00347758
2739197308 -0.00470787
3175070855 -0.0409437
3307149330 -0.0056569
3347912765 -0.000654975
3408801716 -0.0109351
642521268 -0.0090156
813781066 -0.0090156
2659434454 -0.00906158
3196305184 -0.00332865
989097633 -0.154936
2588037217 -0.00452664
1331964967 -0.162742
4073368448 0.00347758
755151769 -0.00239225
3035393457 0.00365885
1317514601 -0.000654975
4200576502 -0.000715399
2919392317 -0.0015963
1957257775 -0.0015963
3110804562 -0.000527176
4077923174 -0.0973083
2669474086 -0.00642844
3077701824 -0.000795345
33450972 -0.00188786
4137844462 -0.00234944
1390021017 -0.00188786
406984589 -0.000412477
511244140 -0.000412477
4252437569 -0.000600571
746426500 -0.00132177
3998083561 -0.000991632
1816786186 -0.0153154
1855717160 -0.00669624
3178482882 -0.00234944
816205235 -0.0153154
4097946403 -0.0144797
3256501030 -0.0114201
2037897888 -0.00611536
609703868 -0.00507321
4167359922 -0.0116065
3513799629 -0.012376
484309559 -0.012376
3340113727 -0.0015963
414185897 -0.0144056
3010975974 -0.00452664
3040627814 -0.00239225
3223614919 -0.00239225
506765730 -0.0128878
3155893353 0.000831554
4003788042 -0.000508526
1599691429 -0.0109351
4150456259 -0.0218985
1800304628 -0.00640266
1402554340 -0.0131623
1922928340 -0.000170341
1638609704 -0.030907
469987975 -0.00188952
1983742981 -0.00196974
2870066588 0.000831554
2589233783 -0.0412587
967194564 -0.000795345
1696892145 -0.00611536
652877872 -0.0115558
2913616310 -0.0127538
2468550792 -0.000508526
450879470 0.00347758
2123068591 -0.00359878
2730127352 -0.0924049
1610117894 -0.00325351
1358373431 -0.0036217
2159361327 -0.00669624
1685386623 -0.00491952
2934824804 -0.164904
2097525790 -0.00437976
2131827147 -0.0205243
1077440221 0.00365885
1668394961 -0.111812
1430112322 -0.164904
3068065464 -0.000220804
3124735508 -0.0172153
3244275741 -0.0115558
148706869 -0.00188952
4108817096 -0.00196974
4258525089 -0.162742
1659218527 -0.0223715
2183104177 -0.00491952
3285021726 -0.00168721
2257091313 -0.0112417
3573108544 0.000831554
2824890499 -0.164904
138957387 -0.00239225
3395777971 -0.000508526
1460362125 -0.0261024
1460428146 -0.0241835
3162095595 -0.00814759
2822609060 -0.00116074
3808351211 -0.0361925
2037212670 -0.00240174
394783903 -0.00296228
3468144064 -0.040712
535941527 -0.0144797
1032703249 -0.00188786
1552103602 -0.164904
1886085176 -0.000654975
837496238 -0.0036217
4218145990 -0.0358682
2496582483 -0.0015963
174105210 -0.00737791
2965166580 -0.0973083
3867689518 -0.00188952
630890747 -0.0328357
2429821563 -0.162742
391600216 -0.0127538
2603231137 -0.00611783
3499659669 0.00248003
4258127227 -0.0358682
1068486945 -0.164904
2353789938 -0.0090156
611520789 -0.000527176
4259269111 -0.00729656
4013197400 0.00581836
3454942386 -0.162742
1023510474 -0.0361925
2452040425 -0.00163254
1688910903 -0.0112417
3578303371 -0.0328357
