3269753752 -0.0259089
3591675061 -0.00124079
414185897 -0.0140825
2503218473 -0.000351844
1088945299 -0.00964255
3175070855 -0.0489255
1019609506 -0.0173947
4097946403 -0.0131631
2750319301 -0.000213391
948043381 -0.00215467
847094226 -0.0173349
2348409359 -0.00614824
2919392317 -0.00364047
2051163565 -0.0141375
3103721368 -0.00618462
2192770400 -0.0938841
506765730 -0.00893931
2663773708 -0.000142892
1342157981 -0.00964255
3119150608 -0.00259776
3419577079 -0.0173947
4013197400 0.00158772
2009499608 -0.0186131
1358373431 -0.00544744
503523818 -0.16466
1560336220 -0.0173349
3661966879 -0.0176913
40996090 -0.021348
3077625518 -0.0357097
3507834445 -0.0259089
1314161884 -0.000351844
694678698 -0.00077443
2125847845 -0.00554956
2001570321 -0.00470346
417937679 0.00184628
4252437569 -0.000208363
3473645296 -0.00259776
3276042364 -0.000351844
2076461858 0.00211923
816205235 -0.00964255
1994507682 -0.16466
2626831277 -0.0173947
1141674736 -0.00354947
2123068591 -0.00554956
2353789938 -0.0123355
3586533348 -0.00364047
2201423994 -0.0141375
1842653347 -0.00144944
1890888466 -0.000381253
2337062318 -0.00284462
2057483835 -0.000770545
3484842215 -0.16466
1668202269 -0.0176913
3159882689 -0.0176913
562900972 -0.0176913
1208828684 -0.0147221
1227902734 -0.00893931
109331286 -0.00120952
2127797818 -0.00869698
540093018 -0.000694436
2669474086 -0.00820763
1944161631 -0.00893931
1087061590 -0.000142892
198393422 -0.0131631
4100164576 0.00393738
2864731008 0.00211923
168721373 -0.110519
2655866658 -0.00618462
726748024 -0.00618462
4205517319 -0.10823
1507441971 -0.000438091
4210192640 -0.00554956
2739197308 -0.00277099
4145317105 -0.00168291
450879470 0.00349006
4137844462 -0.00618462
648299962 -0.0141375
3828226200 -0.0763853
1379313878 -0.0147221
722686710 -0.00683485
3512686521 -0.0019027
1417015101 -0.0050441
2922694512 -0.00338001
309476610 -0.00846953
53654230 -0.0019027
3622032981 -0.0193086
391600216 -0.00846953
3501619897 -0.0157292
1816786186 -0.00964255
3490111306 -0.00884083
3153662117 -0.000643602
587092444 -0.00820763
1461071546 -0.00614824
240321797 -0.011898
4085699543 -0.00459672
1083394991 -0.0351642
503113475 0.00349006
1956232018 -0.0238701
64528490 -0.000142892
3413310241 -0.021348
1402554340 -0.011898
594719562 -0.00354947
1614564814 -0.0763853
1139488070 -0.0470435
1886972492 -0.0510453
75549082 -0.00846953
367814234 -0.00259317
3068065464 -0.0022936
1080665860 -0.0179685
2730127352 -0.0938841
3284042598 -0.00523972
2272255135 -0.0147221
4160373385 -0.0151194
3889918511 -0.011898
3928550205 -0.0238701
2369629527 -0.0489255
103118721 -0.00168291
1299330628 -0.00261443
2949164478 -0.011898
408795628 -0.0186131
1692767744 -0.0763853
1214918195 -0.110519
2282412694 -0.0416029
3650476081 -0.0259089
1955002940 -0.0147221
2636560243 -0.0147221
1599691429 -0.00259776
989097633 -0.145435
24766274 -0.0123355
350495454 -0.00544744
484309559 -0.0157292
3014984883 -0.00682134
2992361098 -0.0938841
3028467478 -0.00261643
406984589 -0.00614824
813781066 -0.0123355
2722132332 -0.0374167
78039833 -0.0179685
2923099083 -0.00124079
1563778072 -0.00422419
3573108544 0.00184628
642521268 -0.0123355
3754452299 -0.16466
2999558953 -0.16466
2808859044 -0.0938841
4112518923 -0.16466
992372818 -0.00554956
340283560 -0.0328475
331219308 -0.16466
362647885 -0.0784621
784611069 -0.00210111
4181232444 -0.0351642
3976027647 -0.00499169
1823791746 -0.000351844
2870066588 0.00184628
687381725 -0.00739663
3408801716 -0.00259776
3997492553 -0.0140825
1502963371 -0.0140825
60313977 -0.0102105
2621622536 -0.16466
4049155636 -0.00884083
1957257775 -0.00364047
4167359922 -0.0157292
2588037217 -0.0034595
4077923174 -0.0989265
2372549128 -0.0131631
570932490 -0.0034595
3524065126 -0.16466
611520789 -0.00284462
220906968 -0.00422419
630890747 -0.0351642
2798145565 -0.00261643
814323586 -0.000288912
2216935762 -0.0019027
1430112322 -0.16466
4218091012 -0.0131631
2342242945 -0.00547739
3110804562 -0.00284462
1106053494 -0.0179685
410146992 -0.000770545
1879909838 -0.0179685
3295815498 -0.0141375
1025604564 -0.00202823
1042673590 -0.10823
2722766595 -0.0379221
3513799629 -0.0157292
1875268771 -0.000142892
854720261 -0.00683485
2247380215 -0.0157292
1688910903 -0.0259089
2012617064 -0.10823
1348676663 -0.0083426
3876134116 -0.0103909
2208327497 -0.00884083
3241095964 -0.00614824
943524439 -0.00820763
144944517 -0.0525121
2037897888 -0.0059877
3113006428 -0.0176913
677201290 -0.00893931
3756591986 -0.00354947
2103863861 -0.00202823
2159361327 -0.00422419
1167497649 -0.00202823
3376545127 -0.00284462
664194804 -0.0489255
867396152 -0.0140825
4072383076 -0.0501787
2633191638 -0.0186131
60608086 -0.00469608
2099288197 -0.0034595
2589233783 -0.0416029
409439540 -0.0489255
3615457753 -0.00259776
3676840785 -0.00324761
3784310625 -0.0763853
1009526621 -0.00144944
2443955494 -0.00144944
3679368291 -0.00437394
315089625 -0.000770545
3043722395 -0.000351844
3828946292 -0.00284462
328194109 -0.00822519
2659434454 -0.00547739
3196305184 -0.00210111
1855717160 -0.00422419
2641233962 -0.10823
4157794503 -0.0019027
3124735508 -0.0141375
1654574500 -0.00144944
2999644973 -0.00884083
1206731532 -6.20006e-05
2257091313 -0.0259089
670252519 -0.00124079
622719734 -0.00236777
3576510868 -0.10823
2467071049 -0.16466
2597147609 -0.00261643
4072636110 -0.00604983
1840549049 -0.00604983
4150456259 -0.0262899
3307149330 -0.00301078
2528188504 -0.00510278
3002809686 -0.00328546
3651098565 -0.00544744
3904323026 -0.00462321
3992833684 -0.0130655
3454216039 -0.021348
2996734433 -0.0238701
1460362125 -0.0323504
138957387 -0.00223898
2824890499 -0.16466
1830739977 -0.00422419
600785841 -0.0173349
2934824804 -0.16466
236369400 -0.00469608
837496238 -0.00544744
3244275741 -0.00469608
1759058572 -0.00168291
76750958 -0.00168291
789587149 -0.00884083
4167620350 -0.0059877
1696892145 -0.0059877
1800304628 -0.00901894
2353315960 -0.0123355
3201352653 -0.0032571
1757208737 -0.000770545
1853351806 -0.0032571
4068714951 -0.0351642
4153900588 -0.0032571
3068673577 -0.000471157
1610117894 -0.00354947
3824128002 -0.00604983
1747869855 -0.0173947
187665100 -0.00210111
721618146 -0.00124079
2913616310 -0.00846953
2778546339 -0.00547739
1068486945 -0.16466
2511575324 -0.0763853
3285021726 -0.00181305
3768420552 -0.0489255
2843824084 -0.00354947
609342700 -0.00683485
3514939599 -0.0032571
1638609704 -0.0239155
2809633026 0.00184628
3040060696 -0.00683485
3227208719 0.00349006
2120356631 0.000669325
1157734194 -0.16466
3340113727 -0.00364047
609703868 -0.00600042
652877872 -0.00469608
2569680726 -0.00223898
3422913332 -0.0186131
3957647522 -0.0238701
4093622152 -0.00301078
2728127955 -0.0151194
1728049363 -0.0140825
3040627814 -0.00223898
4073368448 0.00349006
755151769 -0.00223898
777599666 -0.0059877
3010975974 -0.0034595
3468144064 -0.0416029
649420955 -0.00301078
3178482882 -0.00618462
3387954407 -0.00210111
242579288 -0.0186131
862088666 -0.0938841
1214198145 -0.0034595
3256501030 -0.0173349
3289177414 0.000290954
4259269111 -0.00604983
2131827147 -0.0151194
3162095595 0.00211923
1643589477 -0.0173947
2213670597 -0.00202823
31130388 0.00211923
3155893353 0.00184628
1552103602 -0.16466
2001992949 -0.000142892
3962483774 -0.000899577
2919182003 -0.00820763
394783903 -0.00261643
916791228 -0.0357097
246159599 0.00637131
261504711 -0.021348
4214050840 0.00393738
2169194919 -0.16466
511244140 -0.00614824
2924471996 -0.0416029
2965166580 -0.0989265
3454942386 -0.16466
535941527 -0.0131631
1023510474 -0.0357097
348965350 -0.0853487
3223614919 -0.00223898
2026563337 0.00393738
949498507 -0.00202823
1331964967 -0.16466
941971035 0.00211923
1794856285 -0.00820763
174105210 -0.00571496
4284594406 -0.0179685
1659218527 -0.021348
3808351211 -0.0357097
2203438724 -0.0989265
1668394961 -0.110519
2668910186 -0.0059877
1460428146 -0.0238701
2023937645 -0.0357097
960766302 -0.00547739
2832312000 -0.0938841
3499659669 0.00393738
2320719623 0.00393738
2496582483 -0.00364047
4258525089 -0.16466
3578303371 -0.0351642
2429821563 -0.16466
3390545656 -0.00168291
