1412340566 -0.00606787
3175070855 -0.0635743
1193443314 -0.0003118
4073368448 0.00242112
4214050840 0.00389207
4100164576 0.00389207
1461071546 -0.00663674
2051163565 -0.0111437
1068486945 -0.145211
2208327497 -0.0146924
1019609506 -0.00983094
406984589 -0.00663674
4072383076 -0.0657585
2348409359 -0.00663674
3227208719 0.00242112
3501619897 -0.0082234
3992833684 -0.0112635
1890888466 -0.00118847
3269753752 -0.0177315
1692767744 -0.0899876
788013522 -1.11511e-05
503523818 -0.145211
3077625518 -0.0312822
1759058572 -0.000938828
648299962 -0.0111437
3210259165 -0.00249241
362647885 -0.0676631
331219308 -0.145211
3390545656 -0.000938828
417937679 0.00167019
2320719623 0.00389207
2569680726 -0.00395328
3484842215 -0.145211
1348676663 -0.00716037
2899628589 -0.000675707
3150064701 -0.00222143
1139488070 -0.0398347
1886972492 -0.0354521
2076461858 0.00120827
816205235 -0.0110273
2001570321 -0.00300134
3103721368 -0.0023735
3068065464 -0.00294438
1644060018 -0.000675707
3153662117 -0.00262304
2342242945 -0.00443299
2808859044 -0.0845187
60608086 -0.00263728
2589233783 -0.0339368
75549082 -0.0100624
3183445406 -0.00222143
103118721 -0.000938828
236369400 -0.00263728
3573108544 0.00167019
3159882689 -0.0251021
3347912765 -1.11511e-05
2626831277 -0.00983094
1668202269 -0.0251021
403868960 -0.00222143
3014335135 -0.00486468
1342157981 -0.0110273
31130388 0.00120827
484309559 -0.0082234
3413310241 -0.017386
2459566987 -0.00201734
867396152 -0.00781766
3340792401 -0.00201734
3984727704 -0.00201734
1944161631 -0.00712553
2843824084 -0.000514711
1886085176 -1.11511e-05
2253595540 -0.000163697
3520458539 0.000600323
3196305184 -0.000873278
3155893353 0.00167019
409439540 -0.0635743
3876134116 -0.0139481
1080665860 -0.0158051
540093018 -0.00239981
3402335971 -0.000931488
3295815498 -0.0111437
1994507682 -0.145211
1088945299 -0.0110273
1083394991 -0.0536513
2026563337 0.00389207
784611069 -0.000873278
2864731008 0.00120827
168721373 -0.094145
53654230 -0.00135872
309476610 -0.0100624
2739197308 -0.00594103
3524065126 -0.145211
350495454 -0.00451591
837496238 -0.00451591
854720261 -0.00330218
4085699543 -0.00313966
847094226 -0.0152445
3507834445 -0.0177315
4093622152 -0.00626185
3179128925 -0.00269162
3957647522 -0.0249214
3651098565 -0.00451591
2037897888 -0.00435355
3784310625 -0.0899876
1879909838 -0.0158051
2778546339 -0.00443299
1816786186 -0.0110273
1460362125 -0.0256585
408795628 -0.00997896
1402554340 -0.00836758
4145317105 -0.000938828
24766274 -0.011045
649420955 -0.00626185
2809633026 0.00167019
1840549049 -0.00835809
3904323026 -0.00703602
3223614919 -0.00395328
941971035 0.00120827
198393422 -0.00730863
4284594406 -0.0158051
3928550205 -0.0249214
952898568 -0.00246416
3828226200 -0.0899876
4097946403 -0.00730863
2924471996 -0.0339368
562900972 -0.0251021
2201423994 -0.0111437
1835131512 -0.000163697
4112518923 -0.145211
3679368291 -0.0098735
348965350 -0.0786408
1747869855 -0.00983094
3824128002 -0.00835809
3808351211 -0.0312822
626515826 -0.000163697
2934824804 -0.145211
40996090 -0.017386
1214918195 -0.094145
3622032981 -0.0125845
1106053494 -0.0158051
240321797 -0.00836758
4181232444 -0.0536513
3419577079 -0.00983094
3513799629 -0.0082234
2722766595 -0.0312294
1025604564 -0.000706704
3241095964 -0.00663674
943524439 -0.00235244
2372549128 -0.00730863
3754452299 -0.145211
3307149330 -0.00626185
1502963371 -0.00781766
4049155636 -0.0146924
1794856285 -0.00235244
3650476081 -0.0177315
3768420552 -0.0635743
3468144064 -0.0339368
4157794503 -0.00135872
2467071049 -0.145211
138957387 -0.00395328
414185897 -0.00781766
1379313878 -0.00821094
609342700 -0.00330218
2668910186 -0.00435355
4210192640 -0.00512992
4160373385 -0.0131347
1956232018 -0.0249214
2272255135 -0.00821094
2511575324 -0.0899876
2169194919 -0.145211
2478103383 -0.000195626
989097633 -0.109536
1955002940 -0.00821094
503113475 0.00242112
2192770400 -0.0845187
694678698 -0.00359533
1208828684 -0.00821094
4077923174 -0.0817669
3676840785 -0.00557511
2216935762 -0.00135872
1227902734 -0.00712553
3889918511 -0.00836758
4072636110 -0.00835809
2655866658 -0.0023735
1167497649 -0.000706704
4013197400 0.00540979
814323586 -0.00236264
261504711 -0.017386
78039833 -0.0158051
2722132332 -0.0359722
726748024 -0.0023735
2282412694 -0.0339368
862088666 -0.0845187
1214198145 -0.000404086
4167620350 -0.00435355
789587149 -0.0146924
3040627814 -0.00395328
755151769 -0.00395328
3661966879 -0.0251021
4109730349 -0.000195626
3113006428 -0.0251021
2127797818 -0.00768907
3847416722 -0.00222143
1728049363 -0.00781766
992372818 -0.00512992
2728127955 -0.0131347
2621622536 -0.145211
2429821563 -0.145211
609703868 -0.00939392
3997492553 -0.00781766
242579288 -0.00997896
916791228 -0.0312822
328194109 -0.00685008
4068714951 -0.0536513
4153900588 -0.00272587
2633191638 -0.00997896
2999558953 -0.145211
687381725 -0.00979859
1162815543 -0.00222143
2353789938 -0.011045
3256501030 -0.0152445
813781066 -0.011045
2023937645 -0.0312822
2099288197 -0.000404086
960766302 -0.00443299
2870066588 0.00167019
3397201191 -0.000675707
565737463 -0.000163697
664194804 -0.0635743
4150456259 -0.0236155
587092444 -0.00235244
4137844462 -0.0023735
594719562 -0.000514711
2257091313 -0.0177315
2669474086 -0.00235244
2588037217 -0.000404086
2398087802 -0.00249766
3512686521 -0.00135872
3454216039 -0.017386
2996734433 -0.0249214
2992361098 -0.0845187
1196281327 -0.000675707
3284042598 -0.00284706
3040060696 -0.00330218
2353315960 -0.011045
1358373431 -0.00451591
3201352653 -0.00272587
1853351806 -0.00272587
1560336220 -0.0152445
3962483774 -0.00594594
642521268 -0.011045
3387954407 -0.000873278
4167359922 -0.0082234
2949164478 -0.00836758
4250451206 -0.00181772
1141674736 -0.000514711
4218091012 -0.00730863
3514939599 -0.00272587
3162095595 0.00120827
722686710 -0.00330218
2919182003 -0.00235244
1638609704 -0.0238377
187665100 -0.000873278
3010975974 -0.000404086
570932490 -0.000404086
144944517 -0.0409558
3756591986 -0.000514711
677201290 -0.00712553
1023510474 -0.0312822
2123068591 -0.00512992
1983742981 -0.000195626
1999760145 -0.000675707
3244275741 -0.00263728
2730127352 -0.0845187
2913616310 -0.0100624
4108817096 -0.000195626
2636560243 -0.00821094
3422913332 -0.00997896
2999644973 -0.0146924
2009499608 -0.00997896
506765730 -0.00712553
535941527 -0.00730863
2213670597 -0.000706704
600785841 -0.0152445
1800304628 -0.00799261
1552103602 -0.145211
1668394961 -0.094145
2018492569 -0.000422728
2659434454 -0.00443299
450879470 0.00242112
1688910903 -0.0177315
1614564814 -0.0899876
2824890499 -0.145211
2247380215 -0.0082234
1157734194 -0.145211
246159599 0.00561695
2103863861 -0.000706704
2131827147 -0.0131347
3454942386 -0.145211
949498507 -0.000706704
1659218527 -0.017386
1696892145 -0.00435355
1643589477 -0.00983094
511244140 -0.00663674
2125847845 -0.00512992
2603231137 -0.00385959
2832312000 -0.0845187
630890747 -0.0536513
2369629527 -0.0635743
340283560 -0.0247056
346332184 -0.00365307
777599666 -0.00435355
2037212670 -0.00201734
3178482882 -0.0023735
4259269111 -0.00835809
652877872 -0.00263728
3499659669 0.00389207
1331964967 -0.145211
391600216 -0.0100624
2965166580 -0.0817669
4258525089 -0.145211
1460428146 -0.0249214
1317514601 -1.11511e-05
76750958 -0.000938828
1430112322 -0.145211
3490111306 -0.0146924
3919903512 -0.000163697
3124735508 -0.0111437
3578303371 -0.0536513
2203438724 -0.0817669
1610117894 -0.000514711
