4137844462 -0.00200321
3179128925 -0.00300025
2320719623 0.00393257
4214050840 0.00393257
1842653347 -0.0017734
3402335971 -0.00122484
1019609506 -0.0128864
3904323026 -0.00475314
726748024 -0.00200321
3159882689 -0.0199505
816205235 -0.0148033
2919392317 -0.00220589
3274511591 -0.00182909
2051163565 -0.0164266
4100164576 0.00393257
1944161631 -0.0052656
4210192640 -0.00644595
3340113727 -0.00220589
2208327497 -0.0179252
3615457753 -0.00353555
4073368448 0.00398501
3192530948 -0.000322259
408795628 -0.0103115
3175070855 -0.0629127
503523818 -0.153314
4167359922 -0.0100124
4097946403 -0.00631805
1692767744 -0.0912777
3295815498 -0.0164266
1994507682 -0.153314
664194804 -0.0629127
3992833684 -0.0137797
1890888466 -0.00178697
3828226200 -0.0912777
31130388 0.00343922
3586533348 -0.00220589
328194109 -0.0080085
3573108544 0.00216202
2123068591 -0.00644595
1643589477 -0.0128864
2105107960 -0.00182909
220906968 -0.0128965
503113475 0.00398501
3153662117 -0.00136455
1106053494 -0.0166929
1025604564 -0.00314187
2597147609 -0.00169739
3447012599 -0.0010566
1816786186 -0.0148033
888806534 0.00166501
619514656 -0.00182909
3223614919 -0.00371261
2569680726 -0.00371261
3408801716 -0.00353555
3040627814 -0.00371261
1720049421 0.00166501
3140841674 0.00166501
1956232018 -0.0189912
1342157981 -0.0148033
1193443314 -0.00114324
2668910186 -0.00581333
303606737 -0.00278172
777599666 -0.00581333
813781066 -0.0108121
3413310241 -0.0224853
4093622152 -0.00762185
3962483774 -0.00427625
1560336220 -0.00890739
837496238 -0.00171236
3540489244 0.00166501
3162095595 0.00343922
2348409359 -0.000143471
3307149330 -0.00762185
3284042598 -0.00587928
1139488070 -0.0471826
1886972492 -0.0387719
2099288197 -0.00142575
240321797 -0.0119616
3387954407 -0.00412749
103118721 -0.00260051
261504711 -0.0224853
391600216 -0.0110939
3501619897 -0.0100124
1759058572 -0.00260051
2949164478 -0.0119616
1840549049 -0.00531855
694678698 -0.00550445
4072636110 -0.00531855
3876134116 -0.0127162
2655866658 -0.00200321
2076461858 0.00343922
2169194919 -0.153314
2037897888 -0.00581333
1412340566 -0.00242067
3113006428 -0.0199505
1552103602 -0.153314
4160373385 -0.0205586
1088945299 -0.0148033
4284594406 -0.0166929
1208828684 -0.00569233
1080665860 -0.0166929
587092444 -0.00685275
3576510868 -0.0381927
3661966879 -0.0199505
3889918511 -0.0119616
1733614988 -0.000508354
648299962 -0.0164266
1379313878 -0.00569233
2201423994 -0.0164266
1688910903 -0.0230774
2551097216 -0.000724342
1855717160 -0.0128965
2633191638 -0.0103115
2192035422 -0.000508354
3269753752 -0.0230774
484309559 -0.0100124
3143350086 -0.000724342
2919182003 -0.00685275
350495454 -0.00171236
3651098565 -0.00171236
2999558953 -0.153314
4150456259 -0.0244303
2131827147 -0.0205586
867396152 -0.00917869
3340792401 -0.00613908
3416930943 -0.00181498
242579288 -0.0103115
60608086 -0.00762124
2864731008 0.00343922
168721373 -0.102579
1009526621 -0.0017734
3784310625 -0.0912777
236369400 -0.00762124
2459566987 -0.00613908
2808859044 -0.0891437
2621622536 -0.153314
3028467478 -0.00169739
3419577079 -0.0128864
2496582483 -0.00220589
1227902734 -0.0052656
3928550205 -0.0189912
417937679 0.00216202
3040060696 -0.0122272
3119150608 -0.00353555
4112518923 -0.153314
535941527 -0.00631805
1853351806 -0.00666346
331219308 -0.153314
362647885 -0.0699038
138957387 -0.00371261
2026563337 0.00393257
2443955494 -0.0017734
2103863861 -0.00314187
2626831277 -0.0128864
246159599 0.00621167
3077701824 -0.00278172
2009499608 -0.0103115
3524065126 -0.153314
611520789 -0.00230421
75549082 -0.0110939
2636560243 -0.00569233
2186615138 -0.0010566
4013197400 0.00758253
854720261 -0.0122272
4258915161 -0.00278172
1214918195 -0.102579
562900972 -0.0199505
2778546339 -0.00239102
4181232444 -0.0504563
76750958 -0.00260051
1461071546 -0.000143471
1502963371 -0.00917869
40996090 -0.0224853
755151769 -0.00371261
1068486945 -0.153314
1430112322 -0.153314
814323586 -0.00688054
1927608854 -0.0010566
3376545127 -0.00230421
3484842215 -0.153314
4077923174 -0.0860029
3241095964 -0.000143471
943524439 -0.00685275
3357176065 -0.00129617
3507834445 -0.0230774
1668394961 -0.102579
4072383076 -0.0644135
784611069 -0.00412749
2429821563 -0.153314
2532653061 -0.0010566
2999644973 -0.0179252
2342242945 -0.00239102
1042673590 -0.0381927
1955002940 -0.00569233
187665100 -0.00412749
3824128002 -0.00531855
1747869855 -0.0128864
4258525089 -0.153314
4167620350 -0.00581333
789587149 -0.0179252
450879470 0.00398501
409439540 -0.0629127
609703868 -0.012856
1654574500 -0.0017734
2924471996 -0.0366012
722599523 -0.00217498
354419800 -0.00129617
1023510474 -0.030198
3124735508 -0.0164266
2467071049 -0.153314
3468144064 -0.0366012
3514939599 -0.00666346
3828946292 -0.00230421
2702431645 -0.000724342
2996734433 -0.0189912
3244275741 -0.00762124
2282412694 -0.0366012
3227208719 0.00398501
3454216039 -0.0224853
2353789938 -0.0108121
1167497649 -0.00314187
687381725 -0.00882453
78039833 -0.0166929
2722132332 -0.0397202
4145317105 -0.00260051
1879909838 -0.0166929
3768420552 -0.0629127
992372818 -0.00644595
2728127955 -0.0205586
2992361098 -0.0891437
3473645296 -0.00353555
649420955 -0.00762185
2669474086 -0.00685275
2192770400 -0.0891437
2001570321 -0.00449103
1331964967 -0.153314
3754452299 -0.153314
3201352653 -0.00666346
2739197308 -0.00636647
24766274 -0.0108121
3711008206 -0.00182909
1794856285 -0.00685275
3957647522 -0.0189912
414185897 -0.00917869
540093018 -0.00380498
406984589 -0.000143471
3997492553 -0.00917869
3499659669 0.00393257
3679368291 -0.00699051
967194564 -0.00278172
2589233783 -0.0366012
1348676663 -0.00491974
1358373431 -0.00171236
2700839685 -0.00129617
4085699543 -0.00857997
916791228 -0.030198
2369629527 -0.0629127
2511575324 -0.0912777
3650476081 -0.0230774
1563778072 -0.0128965
2934824804 -0.153314
4250451206 -0.000383792
3622032981 -0.0147687
570932490 -0.00142575
4205517319 -0.0381927
1957257775 -0.00220589
989097633 -0.122587
144944517 -0.0465294
3520458539 9.30511e-05
3238746818 -0.000508354
2722766595 -0.0321665
3103721368 -0.00200321
2272255135 -0.00569233
609342700 -0.0122272
2913616310 -0.0110939
1638609704 -0.0216535
1668202269 -0.0199505
3979502784 -0.00143296
1214198145 -0.00142575
862088666 -0.0891437
2824890499 -0.153314
3010975974 -0.00142575
3422913332 -0.0103115
2809633026 0.00216202
722686710 -0.0122272
3513799629 -0.0100124
4068714951 -0.0504563
4153900588 -0.00666346
4049155636 -0.0179252
3984727704 -0.00613908
3155893353 0.00216202
2798145565 -0.00169739
2641233962 -0.0381927
2337062318 -0.00230421
4218091012 -0.00631805
2730127352 -0.0891437
2159361327 -0.0128965
3178482882 -0.00200321
3676840785 -0.00405181
1083394991 -0.0504563
3077625518 -0.030198
1932691734 -0.0010566
677201290 -0.0052656
2127797818 -0.011626
2922694512 -0.00845866
309476610 -0.0110939
1599691429 -0.00353555
2125847845 -0.00644595
1402554340 -0.0119616
2870066588 0.00216202
3196305184 -0.00412749
2659434454 -0.00239102
3998083561 -0.000724342
4259269111 -0.00531855
3450350195 -0.00278172
642521268 -0.0108121
1614564814 -0.0912777
2023937645 -0.030198
960766302 -0.00239102
1507441971 -0.00458075
198393422 -0.00631805
3110804562 -0.00230421
2037212670 -0.00613908
3210259165 -0.00197787
2640479591 -0.000508354
2247380215 -0.0100124
346332184 -0.00904569
2832312000 -0.0891437
2012617064 -0.0381927
340283560 -0.032686
1460428146 -0.0189912
3256501030 -0.00890739
2203438724 -0.0860029
2372549128 -0.00631805
1830739977 -0.0128965
2353315960 -0.0108121
3454942386 -0.153314
1869345762 -0.000508354
2588037217 -0.00142575
511244140 -0.000143471
394783903 -0.00169739
3068065464 -0.00386252
2257091313 -0.0230774
4166495700 -0.00129617
1728049363 -0.00917869
1696892145 -0.00581333
652877872 -0.00762124
847094226 -0.00890739
941971035 0.00343922
3578303371 -0.0504563
1460362125 -0.0285921
3390545656 -0.00260051
3490111306 -0.0179252
1800304628 -0.012557
600785841 -0.00890739
1417015101 -0.00344519
630890747 -0.0504563
348965350 -0.0859819
1659218527 -0.0224853
2965166580 -0.0860029
949498507 -0.00314187
1157734194 -0.153314
506765730 -0.0052656
3808351211 -0.030198
2213670597 -0.00314187
2603231137 -0.00202585
