854720261 -0.00515488
4137844462 -0.000750163
1461071546 -0.00989983
2843824084 -0.00329747
1692767744 -0.084382
2965166580 -0.0942882
2123068591 -0.00633091
3611081134 -0.00129477
40996090 -0.0240721
3473645296 -0.00303842
138957387 -0.00647204
2722766595 -0.0330224
3340113727 -0.00231747
816205235 -0.0170602
1668202269 -0.0129055
4145317105 -0.00342879
3419577079 -0.0180349
3576510868 -0.0939986
888806534 0.00130483
630890747 -0.0455046
649420955 -0.00583813
3014984883 -0.00449533
2922694512 -0.00550147
2702431645 -0.00268068
3295815498 -0.0151032
4210192640 -0.00633091
328194109 -0.00817489
3586533348 -0.00231747
246159599 0.00444032
2154747388 -0.00137852
3140841674 0.00130483
3013433801 -0.000293539
3876134116 -0.0124493
2208327497 -0.0103942
484309559 -0.0131608
1794856285 -0.0110474
3976027647 -0.00618562
2722132332 -0.0453807
78039833 -0.0174737
1639781972 -0.000297897
847094226 -0.0155332
3402335971 -0.00481235
3113006428 -0.0129055
3124735508 -0.0151032
1994507682 -0.161205
2778546339 -0.0068848
722599523 -0.000251861
2159361327 -0.00586908
3159882689 -0.0129055
4093622152 -0.00583813
2808859044 -0.0925716
503523818 -0.161205
2934824804 -0.161205
2247380215 -0.0131608
1342157981 -0.0170602
4252437569 -0.00418435
2348409359 -0.00989983
1720049421 0.00130483
1599691429 -0.00303842
198136281 -0.000276203
1879909838 -0.0174737
4013197400 0.00663734
814323586 -0.00511059
1080665860 -0.0174737
450879470 0.00365027
2496582483 -0.00231747
1944161631 -0.00771084
726748024 -0.000750163
2999644973 -0.0103942
2037897888 -0.00742341
1955984430 -0.00129477
1696892145 -0.00742341
3179128925 -0.000859086
813781066 -0.0142679
4167620350 -0.00742341
789587149 -0.0103942
3223614919 -0.00647204
3490111306 -0.0103942
2201423994 -0.0151032
3416930943 -0.000920318
570932490 -0.00388878
3010975974 -0.00388878
2924471996 -0.0416539
1214198145 -0.00388878
60608086 -0.00845407
362647885 -0.0837644
331219308 -0.161205
4097946403 -0.0124323
2369629527 -0.0490255
103118721 -0.00342879
2069823505 -0.000713068
1331964967 -0.161205
648299962 -0.0151032
1624232979 -0.00131098
3661966879 -0.0129055
4100164576 0.00397402
408795628 -0.011145
4160373385 -0.019742
1869345762 -0.000977948
1443918813 -0.00212046
1855717160 -0.00586908
2018492569 -0.000500537
3196305184 -0.000383457
2443955494 -0.000632217
3376545127 -1.01416e-05
594719562 -0.00329747
340020233 -0.00129477
3984727704 -0.00320828
3340792401 -0.00320828
867396152 -0.00531517
348965350 -0.0881957
1139488070 -0.0417207
1886972492 -0.0410611
3153662117 -0.00156203
2131827147 -0.019742
414185897 -0.00531517
3605202573 -0.00131098
1733614988 -0.000977948
1502963371 -0.00531517
2750319301 -0.00440498
948043381 -0.00558541
694678698 -0.00268073
4072636110 -0.00676485
4259269111 -0.00676485
2655866658 -0.000750163
2272255135 -0.0170284
2099288197 -0.00388878
1208828684 -0.0170284
3992833684 -0.0168482
2669474086 -0.0110474
75549082 -0.0149558
3928550205 -0.0245959
2076461858 0.00350851
2459566987 -0.00320828
3285021726 -0.00480826
1816786186 -0.0170602
1840549049 -0.00676485
3484842215 -0.161205
511244140 -0.00989983
2353315960 -0.0142679
168721373 -0.107201
2864731008 0.00350851
2394532093 -0.000713068
1009526621 -0.000632217
3784310625 -0.084382
2832312000 -0.0925716
1106053494 -0.0174737
1649915976 -0.000737663
2636560243 -0.0170284
941971035 0.00350851
664194804 -0.0490255
3997492553 -0.00531517
1214918195 -0.107201
76750958 -0.00342879
242579288 -0.011145
2668910186 -0.00742341
4112518923 -0.161205
3507834445 -0.0238859
1019609506 -0.0180349
989097633 -0.141228
1217591274 -0.000276203
3524065126 -0.161205
611520789 -1.01416e-05
1654574500 -0.000632217
1231414037 -0.000713068
1032864094 -0.000276203
609703868 -0.00880028
2999558953 -0.161205
4205517319 -0.0939986
2009499608 -0.011145
1088945299 -0.0170602
4181232444 -0.0455046
2633191638 -0.011145
687381725 -0.0073295
198393422 -0.0124323
2728127955 -0.019742
3998083561 -0.00268068
3882811029 -0.00137852
2257091313 -0.0238859
3413310241 -0.0240721
3269753752 -0.0238859
2023937645 -0.030177
1402554340 -0.00994117
2001570321 -0.00132392
2859006116 -0.00137852
2012617064 -0.0939986
862088666 -0.0925716
2041483577 -0.00137852
3904323026 -0.00733982
2992361098 -0.0925716
3615457753 -0.00303842
409439540 -0.0490255
1042673590 -0.0939986
3828226200 -0.084382
2739197308 -0.00141567
2192035422 -0.000977948
2342242945 -0.0068848
3957647522 -0.0245959
1299330628 -0.00114103
3201352653 -0.00754957
1560336220 -0.0155332
1842653347 -0.000632217
4218091012 -0.0124323
3408801716 -0.00303842
1330849822 -0.00212046
1025604564 -0.000900247
3768420552 -0.0490255
1379313878 -0.0170284
3676840785 -0.00520934
2282412694 -0.0416539
4072383076 -0.0508536
3241095964 -0.00989983
943524439 -0.0110474
1068486945 -0.161205
1430112322 -0.161205
784611069 -0.000383457
2054250033 -0.000713068
3650476081 -0.0238859
3889918511 -0.00994117
2353789938 -0.0142679
3256501030 -0.0155332
622719734 -0.000269086
2169194919 -0.161205
3824128002 -0.00676485
1747869855 -0.0180349
4167359922 -0.0131608
4049155636 -0.0103942
220906968 -0.00586908
2901212020 -0.00212046
1890888466 -0.00572458
236369400 -0.00845407
3828946292 -1.01416e-05
3501619897 -0.0131608
2626831277 -0.0180349
3622032981 -0.0194178
503113475 0.00365027
1417015101 -0.000342783
24766274 -0.0142679
2798145565 -0.00252529
755151769 -0.00647204
4073368448 0.00365027
3068065464 -0.00163095
3284042598 -0.00492963
540093018 -0.000547499
406984589 -0.00989983
2913616310 -0.0149558
3103721368 -0.000750163
1759058572 -0.00342879
2919392317 -0.00231747
2429821563 -0.161205
3573108544 0.00236322
2511575324 -0.084382
2730127352 -0.0925716
2551097216 -0.00268068
3454216039 -0.0240721
2996734433 -0.0245959
3679368291 -0.0038062
1853351806 -0.00754957
1728049363 -0.00531517
3068673577 -0.000194223
506765730 -0.00771084
1227902734 -0.00771084
722686710 -0.00515488
1956232018 -0.0245959
2569680726 -0.00647204
1083394991 -0.0455046
2588037217 -0.00388878
3307149330 -0.00583813
2528188504 -0.00128234
3002809686 -0.0039447
2467071049 -0.161205
2037212670 -0.00320828
1668394961 -0.107201
539499369 -0.00212046
609342700 -0.00515488
2597147609 -0.00252529
3040627814 -0.00647204
3077625518 -0.030177
1167497649 -0.000900247
2213670597 -0.000900247
31130388 0.00350851
3756591986 -0.00329747
677201290 -0.00771084
350495454 -0.00221154
1563778072 -0.00586908
4077923174 -0.0942882
4085699543 -0.00566548
3754452299 -0.161205
3238746818 -0.000977948
3040060696 -0.00515488
3227208719 0.00365027
1610117894 -0.00329747
2337062318 -1.01416e-05
3210259165 -0.001993
2203438724 -0.0942882
1800304628 -0.0102659
2051163565 -0.0151032
562900972 -0.0129055
2949164478 -0.00994117
3651098565 -0.00221154
1358373431 -0.00221154
3468144064 -0.0416539
2183104177 -0.00131098
417937679 0.00236322
2809633026 0.00236322
2870066588 0.00236322
3808351211 -0.030177
3155893353 0.00236322
2641233962 -0.0939986
2127797818 -0.00717141
1659218527 -0.0240721
587092444 -0.0110474
914762176 -0.000276203
642521268 -0.0142679
3175070855 -0.0490255
3540380836 -0.000276203
240321797 -0.00994117
1552103602 -0.161205
1957257775 -0.00231747
3513799629 -0.0131608
309476610 -0.0149558
4150456259 -0.0223804
1955002940 -0.0170284
535941527 -0.0124323
777599666 -0.00742341
3514939599 -0.00754957
1638609704 -0.0143033
960766302 -0.0068848
4153900588 -0.00754957
394783903 -0.00252529
2589233783 -0.0416539
2603231137 -0.00359014
2125847845 -0.00633091
1460362125 -0.0396484
4214050840 0.00397402
2026563337 0.00397402
2320719623 0.00397402
1688910903 -0.0238859
2919182003 -0.0110474
261504711 -0.0240721
3422913332 -0.011145
1348676663 -0.00572043
2621622536 -0.161205
992372818 -0.00633091
187665100 -0.000383457
3162095595 0.00350851
837496238 -0.00221154
652877872 -0.00845407
2640479591 -0.000977948
3387954407 -0.000383457
1830739977 -0.00586908
3110804562 -1.01416e-05
391600216 -0.0149558
2659434454 -0.0068848
3454942386 -0.161205
3499659669 0.00397402
2192770400 -0.0925716
1643589477 -0.0180349
1614564814 -0.084382
4068714951 -0.0455046
340283560 -0.0278496
3962483774 -0.00289518
2103863861 -0.000900247
3178482882 -0.000750163
2822609060 -0.00129477
3578303371 -0.0455046
1141674736 -0.00329747
916791228 -0.030177
3327645142 -0.00131098
3143350086 -0.00268068
2824890499 -0.161205
144944517 -0.0483573
3119150608 -0.00303842
600785841 -0.0155332
4258525089 -0.161205
4284594406 -0.0174737
3028467478 -0.00252529
1460428146 -0.0245959
1685386623 -0.00131098
1023510474 -0.030177
2372549128 -0.0124323
949498507 -0.000900247
3244275741 -0.00845407
3390545656 -0.00342879
3540489244 0.00130483
1157734194 -0.161205
