2208327497 -0.0117836
1331964967 -0.147052
3484842215 -0.147052
1214198145 -0.00170592
3269753752 -0.0270165
1342157981 -0.0121696
1461071546 -0.00924186
3586533348 -0.000748245
2843824084 -0.00553299
1890888466 -0.00753769
4137844462 -0.00287308
2569680726 -0.0060856
648299962 -0.0115567
2117133652 -0.00137231
4210192640 -0.00359987
1644060018 -0.000829401
3068065464 -0.00248414
406984589 -0.00924186
1088945299 -0.0121696
2001570321 -0.00230339
562900972 -0.0185492
220906968 -0.00119489
1654574500 -0.00380003
1794856285 -0.00485552
3179128925 -0.00382259
2320719623 0.00375703
2026563337 0.00375703
4214050840 0.00375703
4100164576 0.00375703
3507834445 -0.0270165
4072383076 -0.0762562
1692767744 -0.0740046
3419577079 -0.0102259
3159882689 -0.0185492
2919182003 -0.00485552
2203438724 -0.0838357
240321797 -0.0069488
1999760145 -0.000829401
246159599 0.00469796
1560336220 -0.0152309
2353789938 -0.0129246
4258915161 -0.00246254
1855717160 -0.00119489
3889918511 -0.0069488
3040060696 -0.00781668
1193443314 -0.00596018
1540036778 -0.00236997
362647885 -0.0673651
331219308 -0.147052
816205235 -0.0121696
814323586 -0.0048391
261504711 -0.0273254
3501619897 -0.0175193
3192530948 -0.000267967
24766274 -0.0129246
726748024 -0.00287308
4247114357 -0.000377978
2342242945 -0.00397256
1599691429 -0.00499469
168721373 -0.095161
2099288197 -0.00170592
1879909838 -0.0164296
694678698 -0.00502363
3153662117 -0.00330884
1227902734 -0.00757586
1944161631 -0.00757586
2348409359 -0.00924186
862088666 -0.0881235
3473645296 -0.00499469
652877872 -0.00707944
2924471996 -0.0435478
3244275741 -0.00707944
1502963371 -0.000841206
60608086 -0.00707944
236369400 -0.00707944
503523818 -0.147052
570932490 -0.00170592
3416930943 -0.000441661
2659434454 -0.00397256
2626831277 -0.0102259
916791228 -0.0251543
1019609506 -0.0102259
600785841 -0.0152309
75549082 -0.00628427
2372549128 -0.0134955
4085699543 -0.0120209
2798145565 -0.00534965
888806534 0.0013
394783903 -0.00534965
609703868 -0.00979134
2282412694 -0.0435478
1555760317 -0.00137231
348965350 -0.0847263
1610117894 -0.00553299
1816786186 -0.0121696
4160373385 -0.014277
3701340724 -0.00137231
1614564814 -0.0740046
1402554340 -0.0069488
1668202269 -0.0185492
3512686521 -0.00499286
2597147609 -0.00534965
242579288 -0.0136376
484309559 -0.0175193
1214918195 -0.095161
2398087802 -0.00341506
784611069 -0.006024
4181232444 -0.064927
303606737 -0.00246254
2037897888 -0.00664706
408795628 -0.0136376
2633191638 -0.0136376
2201423994 -0.0115567
3661966879 -0.0185492
1624232979 -0.00152984
1688910903 -0.0270165
847094226 -0.0152309
2621622536 -0.147052
2429821563 -0.147052
3220415338 -0.00206601
3387954407 -0.006024
777599666 -0.00664706
867396152 -0.000841206
3340792401 -0.00278721
2999644973 -0.0117836
2051163565 -0.0115567
2131827147 -0.014277
3422913332 -0.0136376
2443955494 -0.00380003
3307149330 -0.0054168
3754452299 -0.147052
813781066 -0.0129246
1685386623 -0.00152984
4250451206 -0.00529414
2934824804 -0.147052
3010975974 -0.00170592
3408801716 -0.00499469
1080665860 -0.0164296
2730127352 -0.0881235
2459566987 -0.00278721
4167359922 -0.0175193
4093622152 -0.0054168
3413310241 -0.0273254
3196305184 -0.006024
3256501030 -0.0152309
1106053494 -0.0164296
4157794503 -0.00499286
2467071049 -0.147052
2899628589 -0.000829401
3876134116 -0.0145731
4097946403 -0.0134955
1083394991 -0.064927
346332184 -0.00601946
594719562 -0.00553299
2636560243 -0.0163364
417937679 0.00190407
3113006428 -0.0185492
2159361327 -0.00119489
1348676663 -0.00773367
540093018 -0.004497
3397201191 -0.000829401
2166721244 -0.00137231
3178482882 -0.00287308
3103721368 -0.00287308
3962483774 -0.00773137
3676840785 -0.00685255
2353315960 -0.0129246
2702431645 -0.00332225
4284594406 -0.0164296
2655866658 -0.00287308
2009499608 -0.0136376
40996090 -0.0273254
1068486945 -0.147052
2511575324 -0.0740046
4145317105 -0.00161152
854720261 -0.00781668
2722766595 -0.0271666
1956232018 -0.0240289
2123068591 -0.00359987
3928550205 -0.0240289
511244140 -0.00924186
103118721 -0.00161152
952898568 -0.00519462
2272255135 -0.0163364
3077625518 -0.0251543
755151769 -0.0060856
4073368448 0.00285555
4077923174 -0.0838357
144944517 -0.05418
3241095964 -0.00924186
943524439 -0.00485552
3976027647 0.000925482
649420955 -0.0054168
1994507682 -0.147052
3998083561 -0.00332225
664194804 -0.0743062
3284042598 -0.00951473
1696892145 -0.00664706
960766302 -0.00397256
503113475 0.00285555
450879470 0.00285555
309476610 -0.00628427
53654230 -0.00499286
677201290 -0.00757586
3756591986 -0.00553299
989097633 -0.107113
4150456259 -0.0316699
3295815498 -0.0115567
1955002940 -0.0163364
3605202573 -0.00152984
3622032981 -0.0150333
1830739977 -0.00119489
3223614919 -0.0060856
3904323026 -0.0121625
3650476081 -0.0270165
3992833684 -0.0130707
3957647522 -0.0240289
1196281327 -0.000829401
1139488070 -0.0382035
1886972492 -0.0374143
3047990068 -0.000562781
2037212670 -0.00278721
3828226200 -0.0740046
187665100 -0.006024
3824128002 -0.00744593
1747869855 -0.0102259
3615457753 -0.00499469
409439540 -0.0743062
3175070855 -0.0743062
2992361098 -0.0881235
2125847845 -0.00359987
4259269111 -0.00744593
2192770400 -0.0881235
4072636110 -0.00744593
1840549049 -0.00744593
78039833 -0.0164296
2722132332 -0.03907
2023937645 -0.0251543
2669474086 -0.00485552
3040627814 -0.0060856
1009526621 -0.00380003
2778546339 -0.00397256
4167620350 -0.00664706
789587149 -0.0117836
2919392317 -0.000748245
587092444 -0.00485552
1649915976 -0.0105739
3201352653 -0.00308172
3327645142 -0.00152984
414185897 -0.000841206
2589233783 -0.0435478
967194564 -0.00246254
722599523 -0.0019115
4049155636 -0.0117836
3340113727 -0.000748245
2922694512 -0.00404305
722686710 -0.00781668
4112518923 -0.147052
642521268 -0.0129246
1728049363 -0.000841206
2999558953 -0.147052
4258525089 -0.147052
3227208719 0.00285555
2739197308 -0.00788524
1659218527 -0.0273254
2809633026 0.00190407
3573108544 0.00190407
3155893353 0.00190407
1208828684 -0.0163364
1957257775 -0.000748245
1379313878 -0.0163364
3450350195 -0.00246254
1460362125 -0.0294565
3454216039 -0.0273254
2996734433 -0.0240289
4068714951 -0.064927
4153900588 -0.00308172
1853351806 -0.00308172
992372818 -0.00359987
2728127955 -0.014277
3140841674 0.0013
1720049421 0.0013
1141674736 -0.00553299
1874121111 -0.00137231
1759058572 -0.00161152
4218091012 -0.0134955
3997492553 -0.000841206
3984727704 -0.00278721
3744595344 -0.00162549
2551097216 -0.00332225
687381725 -0.0104296
609342700 -0.00781668
2913616310 -0.00628427
3784310625 -0.0740046
1842653347 -0.00380003
1552103602 -0.147052
1638609704 -0.0117388
2870066588 0.00190407
3468144064 -0.0435478
2183104177 -0.00152984
2949164478 -0.0069488
2808859044 -0.0881235
3077701824 -0.00246254
3514939599 -0.00308172
1563778072 -0.00119489
76750958 -0.00161152
1430112322 -0.147052
2496582483 -0.000748245
3028467478 -0.00534965
2169194919 -0.147052
2965166580 -0.0838357
2832312000 -0.0881235
535941527 -0.0134955
2369629527 -0.0743062
2247380215 -0.0175193
3540489244 0.0013
1668394961 -0.095161
2824890499 -0.147052
3524065126 -0.147052
3119150608 -0.00499469
1460428146 -0.0240289
3454942386 -0.147052
2668910186 -0.00664706
1157734194 -0.147052
3768420552 -0.0743062
1643589477 -0.0102259
3490111306 -0.0117836
3513799629 -0.0175193
3143350086 -0.00332225
2603231137 -0.00225858
3679368291 -0.00641065
138957387 -0.0060856
2739982436 -0.00072953
2216935762 -0.00499286
630890747 -0.064927
1023510474 -0.0251543
3390545656 -0.00161152
2588037217 -0.00170592
3578303371 -0.064927
2257091313 -0.0270165
198393422 -0.0134955
3499659669 0.00375703
391600216 -0.00628427
506765730 -0.00757586
3124735508 -0.0115567
340283560 -0.026557
4013197400 0.00788817
3808351211 -0.0251543
