3402335971 -0.00295142
1214198145 -0.0029575
406984589 -0.00873521
4214050840 0.00381099
4100164576 0.00381099
75549082 -0.0145948
1500976953 -0.000178605
1956232018 -0.0263632
3591675061 -0.00132859
3002809686 -0.00389904
1779604912 0.00285392
4210192640 -0.00557599
2923099083 -0.00132859
512291396 0.00285392
3269753752 -0.0142052
367814234 -0.00346811
4145317105 -0.0014246
3484842215 -0.166212
3357176065 -0.000725341
4049155636 -0.0123208
3340113727 -0.001976
4181232444 -0.0285666
4120391257 -0.00125065
648299962 -0.0183407
2750319301 -0.00219281
948043381 -0.00585661
2001570321 -0.00123875
3998083561 -0.000211469
2342242945 -0.00839229
687381725 -0.00289239
3622032981 -0.0202977
2621622536 -0.166212
350495454 -0.00289196
3103721368 -0.00211974
3611081134 -0.0019599
3223614919 -0.00450059
3035393457 0.00285392
24766274 -0.00961694
2443955494 -9.46555e-05
3295544965 -0.000101715
1668202269 -0.0193427
3159882689 -0.0193427
1654574500 -9.46555e-05
1944161631 -0.00976872
1331964967 -0.166212
1077440221 0.00285392
60608086 -0.00796842
1563778072 -0.0057189
3178482882 -0.00211974
4218145990 -0.0411993
3512686521 -0.00391042
2633191638 -0.0111074
1299330628 -0.00178958
2320719623 0.00381099
2337062318 -0.00465804
1460362125 -0.0218342
4021645677 0.00285392
3784310625 -0.0681261
1840549049 -0.0075398
1599691429 -0.0131173
3501619897 -0.0136467
4218091012 -0.012626
3119150608 -0.0131173
1994507682 -0.167659
4072636110 -0.0075398
1379313878 -0.0151392
417937679 0.00135375
630890747 -0.0285666
2798145565 -0.00271909
1009526621 -9.46555e-05
2353789938 -0.00961694
1802420461 -0.0034303
3110804562 -0.00465804
414185897 -0.0151238
3997492553 -0.0151238
2636560243 -0.0131233
3450350195 -0.00613427
3507834445 -0.0142052
2099288197 -0.0029575
3573108544 0.00135375
2809633026 0.00135375
2655866658 -0.00211974
2076461858 -0.0187308
315089625 -0.000862824
410146992 -0.000862824
670252519 -0.00132859
1696892145 -0.00768277
503523818 -0.167659
784611069 -0.00472179
2919182003 -0.0037469
867396152 -0.0151238
3340792401 -0.00521303
1019609506 -0.0144528
3387954407 -0.00407936
3828946292 -0.00465804
4137844462 -0.00211974
2057483835 -0.000862824
916070708 -0.000101715
3113006428 -0.0193427
1227902734 -0.00976872
3957647522 -0.025605
4160373385 -0.0167814
4258915161 -0.00613427
3413310241 -0.0151668
391600216 -0.0145948
1358373431 -0.00357926
261504711 -0.0151668
562900972 -0.0193427
3422913332 -0.0111074
816205235 -0.014034
721618146 -0.00132859
103118721 -0.0014246
2459566987 -0.00453463
917813208 0.00207628
2452040425 -0.00365899
813781066 -0.00961694
409439540 -0.041292
1816786186 -0.014034
1208828684 -0.0131233
1718860620 -0.0034303
2405640134 -0.0034303
2037897888 -0.00768277
3808351211 -0.0362756
1461071546 -0.00873521
1042673590 -0.106586
3014984883 -0.00797812
2702431645 -0.000211469
3244898512 -0.000773406
4112518923 -0.166212
862088666 -0.0950978
3992833684 -0.0149062
4093622152 -0.00751948
2131827147 -0.0180117
4200576502 -0.000343768
2551097216 -0.000211469
506765730 -0.00976872
2511575324 -0.0681261
3904323026 -0.00540771
2477976788 -0.0034303
348965350 -0.0916099
331219308 -0.166212
362647885 -0.0869039
1348676663 -0.00445378
2208327497 -0.0123208
2012617064 -0.106586
3124735508 -0.0183407
2429821563 -0.166212
2569680726 -0.00450059
3068673577 -0.00116295
1342157981 -0.0133499
570932490 -0.0029575
3876134116 -0.00895935
408795628 -0.0111074
3828226200 -0.0681261
3473645296 -0.0131173
2372549128 -0.012626
1759058572 -0.0014246
3524065126 -0.166212
611520789 -0.00465804
4258525089 -0.166212
2026563337 0.00381099
642521268 -0.00961694
2659434454 -0.00839229
587092444 -0.0037469
1214918195 -0.112418
1574244736 -0.000101715
1855717160 -0.0057189
1502963371 -0.0151238
3256501030 -0.0186201
3196305184 -0.00472179
4077923174 -0.0977909
600785841 -0.0186201
916791228 -0.0362756
484309559 -0.0136467
3759931583 -0.000178605
144944517 -0.0464308
3615457753 -0.0131173
3175070855 -0.041292
2808859044 -0.0937148
309476610 -0.0145948
53654230 -0.00391042
1304272554 -0.0411993
1668394961 -0.112418
4068714951 -0.0285666
138957387 -0.00450059
2201423994 -0.0183407
2695876773 -0.0034303
3028467478 -0.00271909
240321797 -0.00967017
2999558953 -0.167659
1728049363 -0.0151238
2864731008 -0.0187308
1955002940 -0.0151392
777599666 -0.00768277
2999644973 -0.0123208
2125847845 -0.00557599
694678698 -0.000110611
2192770400 -0.0950978
328194109 -0.00418361
3295815498 -0.0183407
1139488070 -0.0550213
1886972492 -0.0444369
2992361098 -0.0950978
3390545656 -0.0014246
242579288 -0.0111074
2123068591 -0.00557599
236369400 -0.00796842
3768420552 -0.041292
3520458539 0.00207519
2051163565 -0.0183407
3289177414 0.00149196
1879909838 -0.0157172
3499659669 0.00381099
340283560 -0.0338794
2626831277 -0.0144528
1560336220 -0.0186201
1955984430 -0.0019599
2641233962 -0.106586
3454216039 -0.0151668
2996734433 -0.0263632
1861922308 -0.00085169
2348409359 -0.00873521
847094226 -0.0186201
3355381003 -0.00085169
4167620350 -0.00768277
789587149 -0.0123208
3077625518 -0.0362756
2778546339 -0.00709162
1983742981 -0.000312161
1206731532 -0.00218252
3578303371 -0.0285666
187665100 -0.00407936
3244275741 -0.00796842
941971035 -0.015348
3650476081 -0.0142052
3077701824 -0.00613427
3376545127 -0.00465804
303606737 -0.00613427
2009499608 -0.0111074
2728127955 -0.0180117
4109730349 -0.000312161
40996090 -0.0151668
3307149330 -0.00751948
3576510868 -0.106586
4157794503 -0.00391042
1240962178 -0.00085169
2467071049 -0.166212
2843824084 -0.00282964
2169194919 -0.166212
340020233 -0.0019599
3513799629 -0.0136467
4205517319 -0.106586
2965166580 -0.0977909
2597147609 -0.00271909
2282412694 -0.0465384
4066176271 -0.000101715
943524439 -0.0037469
3241095964 -0.00873521
603145376 -0.0411993
3651098565 -0.00289196
4085699543 -0.00286715
1088945299 -0.0133499
4284594406 -0.0157172
1106053494 -0.0157172
594719562 -0.00282964
3889918511 -0.00967017
2934824804 -0.167659
3976027647 -0.00632564
989097633 -0.152687
837496238 -0.00357926
2159361327 -0.0057189
4259269111 -0.0075398
78039833 -0.0157172
2722132332 -0.0393302
2668910186 -0.00768277
1610117894 -0.00282964
2478103383 -0.000312161
755151769 -0.00450059
4073368448 0.00310317
503113475 0.00310317
450879470 0.00310317
3068065464 -0.000398688
3984727704 -0.00453463
726748024 -0.00211974
1430112322 -0.167659
677201290 -0.00976872
3756591986 -0.00282964
2272255135 -0.0151392
60313977 -0.00605969
2037212670 -0.00521303
535941527 -0.012626
3419577079 -0.0144528
3661966879 -0.0193427
3586533348 -0.001976
2722766595 -0.0376306
1042957220 -0.000178605
2913616310 -0.0145948
1638609704 -0.0283318
1692767744 -0.0681261
1747869855 -0.0144528
3824128002 -0.0075398
1830739977 -0.0057189
3454942386 -0.166212
1417015101 -0.0022228
2496582483 -0.001976
2669474086 -0.0037469
2739197308 -0.00203443
652877872 -0.00796842
2127797818 -0.00474461
664194804 -0.041292
4150456259 -0.0225907
1957257775 -0.001976
2203438724 -0.0977909
4167359922 -0.0130364
3468144064 -0.0461419
1552103602 -0.167659
4072383076 -0.0427278
2949164478 -0.00967017
2922694512 -0.00114447
2588037217 -0.0029575
1083394991 -0.0285666
394783903 -0.00271909
2870066588 0.00135375
3040627814 -0.00450059
1402554340 -0.00967017
3408801716 -0.0131173
2603231137 -0.00343171
220906968 -0.0057189
649420955 -0.00751948
3995046234 -0.000178605
992372818 -0.00557599
3285021726 -0.00133992
2353315960 -0.00961694
2924471996 -0.0461419
1800304628 -0.00823496
2216935762 -0.00391042
3010975974 -0.0029575
2730127352 -0.0950978
3155893353 0.00135375
31130388 -0.0187308
1023510474 -0.0362756
174105210 -0.00411496
1659218527 -0.0151668
1842653347 -9.46555e-05
3490111306 -0.0123208
1890888466 -0.00421997
1643589477 -0.0144528
2832312000 -0.0950978
2369629527 -0.041292
2023937645 -0.0362756
2919392317 -0.001976
3412363539 -0.000178605
1757208737 -0.000862824
960766302 -0.00709162
1614564814 -0.0681261
198393422 -0.012626
2097525790 -0.00314373
2824890499 -0.167659
3962483774 -0.00216082
1794856285 -0.0037469
3928550205 -0.025605
1080665860 -0.0157172
3162095595 -0.015348
2822609060 -0.0019599
3143350086 -0.000211469
746426500 -0.000396752
2247380215 -0.0130364
1460428146 -0.0263632
3754452299 -0.166212
2653459041 -0.00212894
609703868 -0.0069505
753318867 -0.00085169
511244140 -0.00873521
1068486945 -0.167659
2084248659 -0.0411993
2257091313 -0.0142052
4097946403 -0.012626
3227208719 0.00310317
1157734194 -0.167659
4013197400 0.00570519
1922928340 -0.00347607
4258127227 -0.0411993
4108817096 -0.000312161
4166495700 -0.000725341
1688910903 -0.0142052
2589233783 -0.0465384
967194564 -0.00613427
168721373 -0.112418
76750958 -0.0014246
3679368291 -0.00174862
1141674736 -0.00282964
