2528188504 -0.00299254
1994507682 -0.162685
4097946403 -0.0147444
1379313878 -0.0107538
1816786186 -0.0183308
3113006428 -0.0173903
1342157981 -0.0183308
594719562 -0.00587413
3269753752 -0.0253047
3387954407 -0.00135239
3159882689 -0.0173903
2208327497 -0.0159571
4210192640 -0.0048473
3679368291 -0.00416874
2919182003 -0.00544709
75549082 -0.0108546
1023510474 -0.0391773
2117133652 -0.00247738
2899628589 -0.00114309
506765730 -0.00948136
3484842215 -0.162685
948043381 -0.00741926
1358373431 -0.00149611
3397201191 -0.00114309
1552103602 -0.162685
2076461858 0.00361282
1840549049 -0.00317037
4072636110 -0.00317037
4259269111 -0.00317037
3103721368 -0.000242278
1956232018 -0.0249925
3984727704 -5.81548e-07
2320719623 0.00334633
2026563337 0.00334633
367814234 -0.000829898
2669474086 -0.00544709
503523818 -0.162685
60608086 -0.00508965
3512686521 -0.00683284
1668202269 -0.0173903
2099288197 -0.00258656
1214198145 -0.00258656
2459566987 -5.81548e-07
303606737 -0.000778006
3986943453 -0.00414865
2123068591 -0.0048473
2798145565 -0.00653559
888806534 0.000544422
3196305184 -0.00135239
484309559 -0.0132128
652877872 -0.00508965
2924471996 -0.0424055
3244275741 -0.00508965
236369400 -0.00508965
2037897888 -0.00596208
609342700 -0.00438887
1886085176 -0.00339177
1052807756 -0.00414865
837496238 -0.00149611
109331286 -0.00021347
1853351806 -0.00447891
600785841 -0.0196
1019609506 -0.0198196
3586533348 -0.00213398
4167359922 -0.0132128
503113475 0.00330256
1874121111 -0.00247738
3622032981 -0.0156015
587092444 -0.00544709
3808351211 -0.0391773
1830739977 -0.0012904
694678698 -0.00525464
1317514601 -0.00339177
4258525089 -0.162685
648299962 -0.0123698
1402554340 -0.00631406
4137844462 -0.000242278
4214050840 0.00334633
2922694512 -0.00880895
4205517319 -0.10679
1196281327 -0.00114309
562900972 -0.0173903
941971035 0.00361282
2001570321 -0.00209085
1944161631 -0.00948136
4160373385 -0.0136627
2247380215 -0.0132128
3040060696 -0.00438887
2597147609 -0.00653559
3284042598 -0.00447593
1042673590 -0.10679
3419577079 -0.0198196
609703868 -0.00737694
406984589 -0.00872367
3473645296 -0.00746747
3650476081 -0.0253047
1139488070 -0.0424305
1886972492 -0.0385998
2478103383 -7.09443e-05
3175070855 -0.0469864
3615457753 -0.00746747
409439540 -0.0469864
3889918511 -0.00631406
4100164576 0.00334633
1999760145 -0.00114309
3701340724 -0.00247738
1299330628 -0.0056097
2120356631 0.000468765
1141674736 -0.00587413
3468144064 -0.0424055
350495454 -0.00149611
1855717160 -0.0012904
2934824804 -0.162685
3408801716 -0.00746747
348965350 -0.0818976
340283560 -0.0290408
242579288 -0.0126951
2843824084 -0.00587413
570932490 -0.00258656
1088945299 -0.0183308
3413310241 -0.0199173
4049155636 -0.0159571
2353315960 -0.0115621
168721373 -0.110307
2864731008 0.00361282
3784310625 -0.0810014
2009499608 -0.0126951
2739197308 -0.00422032
2369629527 -0.0469864
103118721 -0.0013771
3928550205 -0.0249925
3768420552 -0.0469864
2626831277 -0.0198196
144944517 -0.0502402
3997492553 -0.0126936
2999644973 -0.0159571
784611069 -0.00135239
4013197400 0.00107023
1227902734 -0.00948136
2992361098 -0.0913159
4112518923 -0.162685
4093622152 -0.00482455
1800304628 -0.0139605
4145317105 -0.0013771
3501619897 -0.0132128
3992833684 -0.0136955
3256501030 -0.0196
4077923174 -0.0977836
408795628 -0.0126951
31130388 0.00361282
331219308 -0.162685
362647885 -0.073317
2659434454 -0.00586779
1614564814 -0.0810014
3068065464 -0.00106145
1644060018 -0.00114309
989097633 -0.145817
2633191638 -0.0126951
1560336220 -0.0196
3201352653 -0.00447891
1157734194 -0.162685
2012617064 -0.10679
4072383076 -0.0484979
1214918195 -0.110307
1649915976 -0.000940242
2282412694 -0.0424055
1668394961 -0.110307
1957257775 -0.00213398
4085699543 -0.00508752
3573108544 0.000887792
1331964967 -0.162685
3307149330 -0.00482455
3002809686 -0.00736552
4157794503 -0.00683284
3576510868 -0.10679
2467071049 -0.162685
3340113727 -0.00213398
1502963371 -0.0126936
3223614919 -0.00786551
1610117894 -0.00587413
40996090 -0.0199173
2569680726 -0.00786551
3077701824 -0.000778006
1688910903 -0.0253047
1208828684 -0.0107538
2127797818 -0.00739289
4073368448 0.00330256
755151769 -0.00786551
2999558953 -0.162685
2808859044 -0.0913159
3520458539 0.00213171
862088666 -0.0913159
687381725 -0.00695245
2996734433 -0.0249925
722686710 -0.00438887
417937679 0.000887792
1879909838 -0.0121897
2201423994 -0.0123698
2257091313 -0.0253047
816205235 -0.0183308
328194109 -0.00510488
60313977 -0.00755364
2051163565 -0.0123698
240321797 -0.00631406
2342242945 -0.00586779
3155893353 0.000887792
3295815498 -0.0123698
2641233962 -0.10679
78039833 -0.0121897
2722132332 -0.0395038
4181232444 -0.0353975
4153900588 -0.00447891
4068714951 -0.0353975
3454216039 -0.0199173
3162095595 0.00361282
4250451206 -0.00143408
1068486945 -0.162685
664194804 -0.0469864
2949164478 -0.00631406
1747869855 -0.0198196
3824128002 -0.00317037
2728127955 -0.0136627
1983742981 -7.09443e-05
2348409359 -0.00872367
3754452299 -0.162685
3140841674 0.000544422
3876134116 -0.0114534
2778546339 -0.00586779
3077625518 -0.0391773
2589233783 -0.0424055
967194564 -0.000778006
1692767744 -0.0810014
187665100 -0.00135239
2166721244 -0.00247738
3957647522 -0.0249925
3040627814 -0.00786551
3499659669 0.00334633
1348676663 -0.00471244
2621622536 -0.162685
3651098565 -0.00149611
3676840785 -0.01243
2636560243 -0.0107538
726748024 -0.000242278
3454942386 -0.162685
2722766595 -0.0311362
4284594406 -0.0121897
1106053494 -0.0121897
220906968 -0.0012904
3514939599 -0.00447891
789587149 -0.0159571
4167620350 -0.00596208
3340792401 -5.81548e-07
867396152 -0.0126936
992372818 -0.0048473
2023937645 -0.0391773
1461071546 -0.00872367
2131827147 -0.0136627
1794856285 -0.00544709
3422913332 -0.0126951
511244140 -0.00872367
198393422 -0.0147444
3347912765 -0.00339177
1759058572 -0.0013771
53654230 -0.00683284
309476610 -0.0108546
76750958 -0.0013771
24766274 -0.0115621
642521268 -0.0115621
2353789938 -0.0115621
4252437569 -0.00200836
3450350195 -0.000778006
2169194919 -0.162685
3490111306 -0.0159571
2824890499 -0.162685
1083394991 -0.0353975
4258915161 -0.000778006
3390545656 -0.0013771
2511575324 -0.0810014
2372549128 -0.0147444
4150456259 -0.0257722
1955002940 -0.0107538
854720261 -0.00438887
3904323026 -0.00260618
138957387 -0.00786551
261504711 -0.0199173
1460428146 -0.0249925
649420955 -0.00482455
813781066 -0.0115621
3756591986 -0.00587413
677201290 -0.00948136
814323586 -0.00434799
4109730349 -7.09443e-05
1728049363 -0.0126936
2730127352 -0.0913159
3241095964 -0.00872367
943524439 -0.00544709
2125847845 -0.0048473
2253088079 -0.00152127
2809633026 0.000887792
4218091012 -0.0147444
1417015101 -0.00479639
3661966879 -0.0173903
1638609704 -0.0291295
777599666 -0.00596208
1460362125 -0.037192
2913616310 -0.0108546
3010975974 -0.00258656
450879470 0.00330256
3507834445 -0.0253047
3285021726 -0.000605963
2655866658 -0.000242278
1430112322 -0.162685
1563778072 -0.0012904
1555760317 -0.00247738
2870066588 0.000887792
346332184 -0.00263485
847094226 -0.0196
414185897 -0.0126936
3124735508 -0.0123698
2919392317 -0.00213398
960766302 -0.00586779
394783903 -0.00653559
1720049421 0.000544422
2216935762 -0.00683284
2668910186 -0.00596208
2496582483 -0.00213398
2192770400 -0.0913159
2832312000 -0.0913159
3524065126 -0.162685
3681638025 -0.00414865
3976027647 -0.00302592
1696892145 -0.00596208
788013522 -0.00339177
3513799629 -0.0132128
3227208719 0.00330256
2159361327 -0.0012904
3178482882 -0.000242278
4108817096 -7.09443e-05
3014984883 -0.00783751
2037212670 -5.81548e-07
535941527 -0.0147444
2603231137 -0.00232738
2272255135 -0.0107538
3578303371 -0.0353975
1005270367 -0.00414865
2429821563 -0.162685
246159599 0.00621811
391600216 -0.0108546
3962483774 -0.00215593
3402335971 -0.000517668
1643589477 -0.0198196
3540489244 0.000544422
174105210 -0.005958
916791228 -0.0391773
3828226200 -0.0810014
1659218527 -0.0199173
630890747 -0.0353975
2588037217 -0.00258656
1890888466 -0.00351615
2203438724 -0.0977836
3119150608 -0.00746747
1080665860 -0.0121897
2965166580 -0.0977836
1599691429 -0.00746747
3028467478 -0.00653559
