2208327497 -0.012791
2569680726 -0.00985694
2843824084 -0.00312203
1196281327 -0.000696156
4258915161 -0.00224253
53654230 -0.00372428
649420955 -0.00336102
1080665860 -0.01497
3175070855 -0.048634
350495454 -0.00393518
406984589 -0.00814677
562900972 -0.0139573
3484842215 -0.162683
2117133652 -0.00194922
648299962 -0.0141992
1141674736 -0.00312203
3512686521 -0.00372428
2368328509 -0.00128153
3269753752 -0.0284061
1555760317 -0.00194922
75549082 -0.0128931
1890888466 -0.00618325
3615457753 -0.00236502
4013197400 0.00705453
331219308 -0.162683
362647885 -0.0834291
2348409359 -0.00814677
3611081134 -0.00310355
4137844462 -0.00183779
948043381 -0.00534149
1019609506 -0.0169012
3468144064 -0.0380785
2413145972 -0.00120257
409439540 -0.048634
784611069 -0.00451962
594719562 -0.00312203
4214050840 0.00394095
3119150608 -0.00236502
503523818 -0.162683
1794856285 -0.00154517
3828946292 -0.000810269
2037212670 -0.000786968
1879909838 -0.01497
652877872 -0.00688863
1955984430 -0.00310355
3650476081 -0.0284061
60608086 -0.00688863
4145317105 -0.00594396
450879470 0.00427877
3340113727 -0.00197438
174105210 -0.0073386
2919182003 -0.00154517
4181232444 -0.040277
1957257775 -0.00197438
1358373431 -0.00393518
1227902734 -0.00806462
1944161631 -0.00806462
2636560243 -0.00753681
1668394961 -0.108223
2201423994 -0.0141992
1023510474 -0.037071
2037897888 -0.0045732
4072383076 -0.0506251
1167497649 -0.00190566
2846198973 -0.00120257
2578480025 -0.00128153
1083394991 -0.040277
2342242945 -0.00491961
103118721 -0.00594396
484309559 -0.0103266
1402554340 -0.00860516
3622032981 -0.017622
1830739977 -0.0035898
144944517 -0.0458283
2353315960 -0.0108655
2669474086 -0.00154517
1299330628 -0.00286986
2120356631 0.000314288
1668202269 -0.0139573
3113006428 -0.0139573
3103721368 -0.00183779
3340792401 -0.000786968
867396152 -0.011074
4093622152 -0.00336102
854720261 -0.00891167
360886480 -0.00011059
4205517319 -0.10982
1644060018 -0.000696156
3068065464 -0.00291721
3028467478 -0.00506977
1956232018 -0.0249727
3227208719 0.00427877
1379313878 -0.00753681
2353789938 -0.0108655
1840549049 -0.00701676
4259269111 -0.00701676
3904323026 -0.00311821
3014984883 -0.00456957
3413310241 -0.0185846
3376545127 -0.000810269
2459566987 -0.000786968
1068486945 -0.162683
816205235 -0.0144994
2001570321 -0.00338993
4160373385 -0.0195322
2076461858 0.00483596
2808859044 -0.0976448
813781066 -0.0108655
2992361098 -0.0976448
503113475 0.00427877
837496238 -0.00393518
1692767744 -0.0787709
2588037217 -0.00581917
2633191638 -0.0161839
2115504779 -0.00011059
3957647522 -0.0249727
600785841 -0.0182096
3824128002 -0.00701676
1747869855 -0.0169012
511244140 -0.00814677
3223614919 -0.00985694
1502963371 -0.011074
3784310625 -0.0787709
2832312000 -0.0976448
1816786186 -0.0144994
4085699543 -0.00448848
2282412694 -0.0380785
2778546339 -0.00491961
2192770400 -0.0976448
3031278291 -0.00011059
261504711 -0.0185846
3701340724 -0.00194922
1992979885 -0.00120257
3651098565 -0.00393518
4210192640 -0.00843133
417937679 0.00231524
3578303371 -0.040277
2934824804 -0.162683
24766274 -0.0108655
3077625518 -0.037071
989097633 -0.145482
236369400 -0.00688863
367814234 -0.0013257
3754452299 -0.162683
2999558953 -0.162683
168721373 -0.108223
2864731008 0.00483596
1563778072 -0.0035898
3876134116 -0.00871815
220906968 -0.0035898
3450350195 -0.00224253
4112518923 -0.162683
340283560 -0.027251
2213670597 -0.00190566
1042673590 -0.10982
4072636110 -0.00701676
694678698 -0.00490971
2125847845 -0.00843133
3507834445 -0.0284061
2621622536 -0.162683
2739197308 -0.00237376
2722766595 -0.0342962
3201352653 -0.0059247
2131827147 -0.0195322
3928550205 -0.0249727
340020233 -0.00310355
408795628 -0.0161839
3490111306 -0.012791
687381725 -0.00735094
3586533348 -0.00197438
3828226200 -0.0787709
1088945299 -0.0144994
1853351806 -0.0059247
1139488070 -0.0454555
1886972492 -0.04254
3397201191 -0.000696156
1994507682 -0.162683
240321797 -0.00860516
3889918511 -0.00860516
346332184 -0.00212368
3454216039 -0.0185846
2996734433 -0.0249727
2949164478 -0.00860516
611520789 -0.000810269
3524065126 -0.162683
814323586 -0.00747969
1461071546 -0.00814677
1208828684 -0.00753681
4049155636 -0.012791
3196305184 -0.00451962
3984727704 -0.000786968
506765730 -0.00806462
3808351211 -0.037071
76750958 -0.00594396
3285021726 -0.000339192
3419577079 -0.0169012
664194804 -0.048634
1999760145 -0.000696156
60313977 -0.00947608
1342157981 -0.0144994
3159882689 -0.0139573
2999644973 -0.012791
3284042598 -0.00386485
4150456259 -0.0280088
1214198145 -0.00581917
862088666 -0.0976448
540093018 -0.00387464
1430112322 -0.162683
303606737 -0.00224253
2372549128 -0.013472
138957387 -0.00985694
394783903 -0.00506977
1610117894 -0.00312203
3501619897 -0.0103266
391600216 -0.0128931
2511575324 -0.0787709
2730127352 -0.0976448
1214918195 -0.108223
1560336220 -0.0182096
2009499608 -0.0161839
242579288 -0.0161839
3513799629 -0.0103266
587092444 -0.00154517
250301408 -0.00120257
3040627814 -0.00985694
1688910903 -0.0284061
3676840785 -0.00498624
4218091012 -0.013472
1599691429 -0.00236502
570932490 -0.00581917
3010975974 -0.00581917
414185897 -0.011074
309476610 -0.0128931
4073368448 0.00427877
755151769 -0.00985694
2051163565 -0.0141992
2099288197 -0.00581917
2023937645 -0.037071
2597147609 -0.00506977
722686710 -0.00891167
40996090 -0.0185846
1659218527 -0.0185846
726748024 -0.00183779
3514939599 -0.0059247
434884493 -0.00011059
4252437569 -0.00044424
2626831277 -0.0169012
1638609704 -0.017669
1206731532 -0.000541984
3992833684 -0.0132546
3256501030 -0.0182096
328194109 -0.00931477
1348676663 -0.00358366
2589233783 -0.0380785
967194564 -0.00224253
916791228 -0.037071
1025604564 -0.00190566
3661966879 -0.0139573
2924471996 -0.0380785
2919392317 -0.00197438
3040060696 -0.00891167
3520458539 0.00163899
4167359922 -0.0103266
1800304628 -0.00744348
1955002940 -0.00753681
1874121111 -0.00194922
4153900588 -0.0059247
1759058572 -0.00594396
246159599 0.00590898
3077701824 -0.00224253
2722132332 -0.0477512
78039833 -0.01497
2822609060 -0.00310355
2247380215 -0.0103266
2169194919 -0.162683
3997492553 -0.011074
3756591986 -0.00312203
677201290 -0.00806462
2728127955 -0.0195322
2659434454 -0.00491961
1855717160 -0.0035898
4284594406 -0.01497
1106053494 -0.01497
609703868 -0.00743502
941971035 0.00483596
1552103602 -0.162683
2913616310 -0.0128931
789587149 -0.012791
4167620350 -0.0045732
3473645296 -0.00236502
2272255135 -0.00753681
4157794503 -0.00372428
3576510868 -0.10982
2467071049 -0.162683
949498507 -0.00190566
1297152772 -0.00128153
609342700 -0.00891167
3002809686 -0.00509834
2528188504 -0.00292226
3307149330 -0.00336102
2824890499 -0.162683
2655866658 -0.00183779
3295815498 -0.0141992
2123068591 -0.00843133
2127797818 -0.00531594
2922694512 -0.000918506
777599666 -0.0045732
3962483774 -0.00165211
1643589477 -0.0169012
3162095595 0.00483596
4100164576 0.00394095
2870066588 0.00231524
2407718897 -0.00120257
2337062318 -0.000810269
2809633026 0.00231524
2641233962 -0.10982
1460428146 -0.0249727
3408801716 -0.00236502
2203438724 -0.0946686
3979502784 -0.00166603
2929419944 -0.00011059
187665100 -0.00451962
2159361327 -0.0035898
3422913332 -0.0161839
3241095964 -0.00814677
943524439 -0.00154517
3454942386 -0.162683
1460362125 -0.03501
1157734194 -0.162683
3387954407 -0.00451962
3768420552 -0.048634
2257091313 -0.0284061
2103863861 -0.00190566
1728049363 -0.011074
2026563337 0.00394095
2320719623 0.00394095
1417015101 -0.00140992
2865221492 -0.00128153
535941527 -0.013472
642521268 -0.0108655
2798145565 -0.00506977
1696892145 -0.0045732
2899628589 -0.000696156
2369629527 -0.048634
3679368291 -0.00339911
960766302 -0.00491961
2166721244 -0.00194922
1331964967 -0.162683
198393422 -0.013472
2216935762 -0.00372428
3976027647 -0.0102444
3402335971 -0.000522368
4258525089 -0.162683
3178482882 -0.00183779
2603231137 -0.00110278
31130388 0.00483596
3110804562 -0.000810269
3124735508 -0.0141992
4077923174 -0.0946686
348965350 -0.0931175
2668910186 -0.0045732
3499659669 0.00394095
3390545656 -0.00594396
992372818 -0.00843133
630890747 -0.040277
2965166580 -0.0946686
3244275741 -0.00688863
4068714951 -0.040277
2012617064 -0.10982
3573108544 0.00231524
3155893353 0.00231524
847094226 -0.0182096
1614564814 -0.0787709
2747169221 -0.00128153
4097946403 -0.013472
2429821563 -0.162683
2496582483 -0.00197438
