2551097216 -0.000252501
1759058572 -0.00160133
1461071546 -0.00552357
2843824084 -0.00235204
4097946403 -0.0124419
4013197400 0.00577445
816205235 -0.0169403
414185897 -0.0132049
1668202269 -0.0215118
3192530948 -0.00244572
2076461858 0.00447675
1019609506 -0.021742
3113006428 -0.0215118
722599523 -0.000618397
1214198145 -0.0046266
2051163565 -0.0116475
3285021726 -0.00188598
2117133652 -0.000819176
3454216039 -0.0225811
648299962 -0.0116475
3768420552 -0.0557246
3824128002 -0.00831516
1747869855 -0.021742
2247380215 -0.0149643
340283560 -0.033092
3520458539 0.00148276
941971035 0.00447675
4145317105 -0.00160133
3269753752 -0.0217894
2026563337 0.00391112
3408801716 -0.00769997
1214918195 -0.109918
1023510474 -0.0335635
649420955 -0.00507535
4258915161 -0.00193853
3419577079 -0.021742
503523818 -0.166483
2669474086 -0.00665359
3159882689 -0.0215118
1816786186 -0.0169403
2459566987 -0.000621337
2201423994 -0.0116475
2037212670 -0.000621337
1879909838 -0.0173866
3340113727 -0.00705309
4252437569 -0.00289785
340020233 -0.00525235
2169194919 -0.166483
2348409359 -0.00552357
2099288197 -0.0046266
3103721368 -0.0035261
3711008206 -0.00196688
1614564814 -0.0794596
948043381 -0.00341934
2750319301 -0.000503152
2949164478 -0.00941171
1402554340 -0.00941171
594719562 -0.00235204
1317514601 -0.000176188
784611069 -0.0026626
103118721 -0.00160133
2369629527 -0.0557246
3390545656 -0.00160133
3387954407 -0.0026626
406984589 -0.00552357
3622032981 -0.0205517
2342242945 -0.00948754
722686710 -0.00517746
3889918511 -0.00941171
854720261 -0.00517746
2702431645 -0.000252501
1955984430 -0.00525235
2722766595 -0.0321822
2372549128 -0.0124419
1886085176 -0.000176188
630890747 -0.0390006
1032703249 -0.00219191
33450972 -0.00219191
726748024 -0.0035261
1299330628 -0.00473874
3223614919 -0.00259982
1208828684 -0.00549108
3676840785 -0.00444546
664194804 -0.0557246
1955002940 -0.00549108
570932490 -0.0046266
1167497649 -0.00147169
3162095595 0.00447675
4100164576 0.00391112
1331964967 -0.166483
31130388 0.00447675
2655866658 -0.0035261
60313977 -0.00834874
1068486945 -0.166483
1840549049 -0.00831516
4072636110 -0.00831516
4259269111 -0.00831516
4073368448 0.00445735
1227902734 -0.00953266
1944161631 -0.00953266
2864731008 0.00447675
3484842215 -0.166483
3490111306 -0.0155033
3124735508 -0.0116475
3179128925 -0.00129474
2919182003 -0.00665359
2659434454 -0.00948754
1502963371 -0.0132049
1139488070 -0.0457244
1886972492 -0.0499269
3701340724 -0.000819176
562900972 -0.0215118
2924471996 -0.0416868
652877872 -0.00517626
3976027647 -0.000554542
1994507682 -0.166483
3524065126 -0.166483
484309559 -0.0149643
952898568 -0.000287692
2999558953 -0.166483
4167359922 -0.0149643
862088666 -0.098064
1460428146 -0.0234027
2192770400 -0.098064
3507834445 -0.0217894
261504711 -0.0225811
303606737 -0.00193853
309476610 -0.0168374
53654230 -0.00733765
1304272554 -0.00334239
1379313878 -0.00549108
2808859044 -0.098064
408795628 -0.0183212
4258525089 -0.166483
4077923174 -0.0967994
4160373385 -0.0186451
1417015101 -0.00379972
1956232018 -0.0234027
609342700 -0.00517746
2626831277 -0.021742
350495454 -0.00586043
1555760317 -0.000819176
3413310241 -0.0225811
3290022460 -0.000651894
600785841 -0.0137586
619514656 -0.00196688
2208327497 -0.0155033
2922694512 -0.00421517
2992361098 -0.098064
2105107960 -0.00196688
3605202573 -0.00179783
3876134116 -0.0105279
4258127227 -0.00334239
3535580163 -0.000651894
3754452299 -0.166483
3586533348 -0.00705309
1638609704 -0.0266746
1853351806 -0.00924845
348965350 -0.0877821
2012617064 -0.115815
3957647522 -0.0234027
587092444 -0.00665359
3661966879 -0.0215118
1624232979 -0.00179783
2429821563 -0.166483
2621622536 -0.166483
4112518923 -0.166483
3473645296 -0.00769997
2809633026 0.00125967
187665100 -0.0026626
3501619897 -0.0149643
75549082 -0.0168374
367814234 -0.0041396
2636560243 -0.00549108
2588037217 -0.0046266
60608086 -0.00517626
4181232444 -0.0390006
3068673577 -0.00192995
2569680726 -0.00259982
2633191638 -0.0183212
4250451206 -0.00184079
240321797 -0.00941171
1025604564 -0.00147169
1088945299 -0.0169403
1599691429 -0.00769997
3340792401 -0.000621337
867396152 -0.0132049
1692767744 -0.0794596
3576510868 -0.115815
2467071049 -0.166483
4150456259 -0.0320296
3416930943 -0.00219568
3201352653 -0.00924845
362647885 -0.0807816
331219308 -0.166483
2127797818 -0.00520134
3244275741 -0.00517626
1855717160 -0.0031949
1728049363 -0.0132049
3928550205 -0.0234027
1042673590 -0.115815
1610117894 -0.00235204
3611081134 -0.00525235
1430112322 -0.166483
694678698 -0.00156837
236369400 -0.00517626
3650476081 -0.0217894
788013522 -0.000176188
1659218527 -0.0225811
3651098565 -0.00586043
1083394991 -0.0390006
2778546339 -0.00948754
242579288 -0.0183212
4214050840 0.00391112
40996090 -0.0225811
417937679 0.00125967
220906968 -0.0031949
2832312000 -0.098064
989097633 -0.142487
2317159977 -0.000651894
3196305184 -0.0026626
3284042598 -0.00581974
328194109 -0.0054454
4068714951 -0.0390006
4153900588 -0.00924845
3040627814 -0.00259982
346332184 -0.00166087
3014984883 -0.00793473
3040060696 -0.00517746
2009499608 -0.0183212
777599666 -0.00737766
2999644973 -0.0155033
4167620350 -0.00737766
789587149 -0.0155033
2213670597 -0.00147169
3573108544 0.00125967
813781066 -0.0125051
3984727704 -0.000621337
960766302 -0.00948754
4137844462 -0.0035261
1412340566 -0.00333271
2257091313 -0.0217894
2919392317 -0.00705309
2589233783 -0.0416868
967194564 -0.00193853
4284594406 -0.0173866
3274511591 -0.00196688
1342157981 -0.0169403
3175070855 -0.0557246
3615457753 -0.00769997
409439540 -0.0557246
2739197308 -0.00949349
4210192640 -0.00358414
3997492553 -0.0132049
3514939599 -0.00924845
1560336220 -0.0137586
4085699543 -0.00400546
4072383076 -0.0570612
1106053494 -0.0173866
3450350195 -0.00193853
4157794503 -0.00733765
3227208719 0.00445735
755151769 -0.00259982
503113475 0.00445735
2216935762 -0.00733765
3904323026 -0.00540031
24766274 -0.0125051
2353789938 -0.0125051
3784310625 -0.0794596
1957257775 -0.00705309
1552103602 -0.166483
609703868 -0.00737206
3468144064 -0.0416868
3512686521 -0.00733765
2996734433 -0.0234027
3010975974 -0.0046266
3992833684 -0.0101549
2668910186 -0.00737766
687381725 -0.005995
2120356631 6.5754e-05
1080665860 -0.0173866
603145376 -0.00334239
1874121111 -0.000819176
3422913332 -0.0183212
1348676663 -0.00430062
246159599 0.00625424
3077701824 -0.00193853
3402335971 -0.000606224
3998083561 -0.000252501
2282412694 -0.0416868
450879470 0.00445735
174105210 -0.00646776
4093622152 -0.00507535
3002809686 -0.00305737
3307149330 -0.00507535
2870066588 0.00125967
2084248659 -0.00334239
814323586 -0.00085333
2037897888 -0.00737766
1460362125 -0.0358599
2813716466 -0.00219191
2511575324 -0.0794596
4205517319 -0.115815
4049155636 -0.0155033
1830739977 -0.0031949
992372818 -0.00358414
2728127955 -0.0186451
3295815498 -0.0116475
144944517 -0.0499019
1800304628 -0.00939332
76750958 -0.00160133
2123068591 -0.00358414
2597147609 -0.00203878
394783903 -0.00203878
198393422 -0.0124419
3077625518 -0.0335635
2641233962 -0.115815
506765730 -0.00953266
4218091012 -0.0124419
2934824804 -0.166483
3241095964 -0.00552357
943524439 -0.00665359
3756591986 -0.00235204
677201290 -0.00953266
1358373431 -0.00586043
2722132332 -0.0456696
78039833 -0.0173866
1563778072 -0.0031949
2730127352 -0.098064
2125847845 -0.00358414
3347912765 -0.000176188
2913616310 -0.0168374
2159361327 -0.0031949
2824890499 -0.166483
3828226200 -0.0794596
916791228 -0.0335635
3327645142 -0.00179783
2166721244 -0.000819176
1688910903 -0.0217894
2798145565 -0.00203878
3028467478 -0.00203878
2203438724 -0.0967994
2183104177 -0.00179783
2131827147 -0.0186451
1141674736 -0.00235204
1390021017 -0.00219191
2822609060 -0.00525235
3679368291 -0.0017467
3578303371 -0.0390006
3143350086 -0.000252501
4218145990 -0.00334239
1696892145 -0.00737766
3119150608 -0.00769997
2320719623 0.00391112
3178482882 -0.0035261
2496582483 -0.00705309
535941527 -0.0124419
1668394961 -0.109918
642521268 -0.0125051
391600216 -0.0168374
1794856285 -0.00665359
3499659669 0.00391112
949498507 -0.00147169
138957387 -0.00259982
2023937645 -0.0335635
168721373 -0.109918
3155893353 0.00125967
1890888466 -0.00195746
1685386623 -0.00179783
2272255135 -0.00549108
3513799629 -0.0149643
3808351211 -0.0335635
2353315960 -0.0125051
1157734194 -0.166483
847094226 -0.0137586
2103863861 -0.00147169
837496238 -0.00586043
3962483774 -0.00297801
1643589477 -0.021742
511244140 -0.00552357
3256501030 -0.0137586
2965166580 -0.0967994
2603231137 -0.00297438
3454942386 -0.166483
3094506940 -0.000651894
