0 941971035 3454942386 410146992 1994507682 4112518923 2203438724 2824890499 144944517 331219308 2999558953 3524065126 2057483835 3422913332 348965350 4258525089 3103721368 2467071049 1214918195 2965166580 2009499608 989097633 2076461858 3484842215 3754452299 315089625 1757208737 2169194919 2864731008 1668394961 1552103602 2633191638 31130388 1068486945 1331964967 408795628 503523818 242579288 2655866658 52524682 4137844462 3162095595 1157734194 2621622536 2934824804 2429821563 2948551767 3178482882 168721373 4077923174 726748024 1430112322	
0 3768420552 3454942386 1560336220 1994507682 4112518923 2203438724 2824890499 2722132332 331219308 2999558953 3524065126 600785841 3119150608 1886972492 4258525089 1214198145 2467071049 1214918195 2965166580 1599691429 4072383076 3175070855 3484842215 3754452299 3256501030 847094226 2169194919 664194804 1668394961 1552103602 3615457753 2369629527 1068486945 1331964967 3473645296 503523818 3408801716 3010975974 750378326 570932490 409439540 1157734194 2621622536 2934824804 2429821563 4250451206 2099288197 168721373 4077923174 2588037217 1430112322	
0 3768420552 3454942386 391600216 1994507682 4112518923 2203438724 2824890499 3992833684 331219308 2999558953 3524065126 75549082 3422913332 348965350 4258525089 753121001 2467071049 1214918195 2965166580 2009499608 4072383076 3175070855 3484842215 3754452299 2913616310 309476610 2169194919 664194804 1668394961 1552103602 2633191638 2369629527 1068486945 1331964967 408795628 503523818 242579288 3321166723 4018931662 3723001095 409439540 1157734194 2621622536 2934824804 2429821563 1649915976 2751279963 168721373 4077923174 1628872531 1430112322	
0 1614564814 3454942386 3762005300 1994507682 4112518923 2808859044 2824890499 1638609704 331219308 2999558953 3524065126 4021098781 40996090 362647885 4258525089 4239842677 2467071049 2832312000 862088666 1659218527 989097633 2511575324 3484842215 3754452299 1167375303 1772117410 2169194919 3784310625 2992361098 1552103602 261504711 1692767744 1068486945 1331964967 3413310241 503523818 3454216039 2421245411 1983001795 1968796048 3828226200 1157734194 2621622536 2934824804 2429821563 3284042598 2853351511 2730127352 2192770400 4187308077 1430112322	
0 1614564814 3454942386 619514656 1994507682 4112518923 2203438724 2824890499 1139488070 331219308 2999558953 3524065126 3274511591 916791228 1886972492 4258525089 543806788 2467071049 1214918195 2965166580 3808351211 989097633 2511575324 3484842215 3754452299 2105107960 3711008206 2169194919 3784310625 1668394961 1552103602 3077625518 1692767744 1068486945 1331964967 1023510474 503523818 2023937645 4134641856 1654653024 3045466095 3828226200 1157734194 2621622536 2934824804 2429821563 2127797818 2607437349 168721373 4077923174 3705845608 1430112322	
0 1083394991 3454942386 1361260487 1994507682 4112518923 2203438724 2824890499 1638609704 331219308 2999558953 3524065126 2560606264 3110804562 362647885 4258525089 3390545656 2467071049 1214918195 2965166580 3376545127 989097633 4181232444 3484842215 3754452299 2673077985 1980920357 2169194919 3578303371 1668394961 1552103602 2337062318 4068714951 1068486945 1331964967 3828946292 503523818 611520789 1759058572 2224757182 103118721 630890747 1157734194 2621622536 2934824804 2429821563 1533248029 4145317105 168721373 4077923174 76750958 1430112322	
0 1614564814 3454942386 386061953 1994507682 4112518923 2808859044 2824890499 3992833684 331219308 2999558953 3524065126 514229268 3422913332 1886972492 4258525089 3979205137 2467071049 2832312000 862088666 2009499608 989097633 2511575324 3484842215 3754452299 2802029990 2386060545 2169194919 3784310625 2992361098 1552103602 2633191638 1692767744 1068486945 1331964967 408795628 503523818 242579288 2745245991 1531837902 3449172430 3828226200 1157734194 2621622536 2934824804 2429821563 328194109 2967917191 2730127352 2192770400 1032444298 1430112322	
0 1083394991 3454942386 2597147609 1994507682 4112518923 2203438724 2824890499 4150456259 331219308 2999558953 3524065126 394783903 3661966879 362647885 4258525089 2144394162 2467071049 1214918195 2965166580 562900972 989097633 4181232444 3484842215 3754452299 2798145565 3028467478 2169194919 3578303371 1668394961 1552103602 3159882689 4068714951 1068486945 1331964967 3113006428 503523818 1668202269 3481305990 3045789868 1078704409 630890747 1157734194 2621622536 2934824804 2429821563 2398087802 3240416032 168721373 4077923174 255907209 1430112322	
0 1083394991 3454942386 3608141590 1994507682 4112518923 2808859044 2824890499 340283560 331219308 2999558953 3524065126 952575540 3540380836 348965350 4258525089 1500976953 2467071049 2832312000 862088666 1217591274 989097633 4181232444 3484842215 3754452299 653471570 1109951310 2169194919 3578303371 2992361098 1552103602 1032864094 4068714951 1068486945 1331964967 914762176 503523818 198136281 1042957220 3336184681 3995046234 630890747 1157734194 2621622536 2934824804 2429821563 1090243453 3412363539 2730127352 2192770400 3759931583 1430112322	
0 4205517319 3454942386 4157794503 1994507682 4112518923 2203438724 2824890499 3622032981 331219308 2999558953 3524065126 2216935762 78039833 2922694512 4258525089 3715022731 2467071049 1214918195 2965166580 1879909838 989097633 2641233962 3484842215 3754452299 3512686521 53654230 2169194919 2012617064 1668394961 1552103602 1080665860 3576510868 1068486945 1331964967 4284594406 503523818 1106053494 2864453052 3301618669 3304932215 1042673590 1157734194 2621622536 2934824804 2429821563 1639781972 857116138 168721373 4077923174 3869047126 1430112322	
0 1083394991 3454942386 3649921194 1994507682 4112518923 2203438724 2824890499 3622032981 331219308 2999558953 3524065126 2792069182 40996090 2922694512 4258525089 3715022731 2467071049 1214918195 2965166580 1659218527 989097633 4181232444 3484842215 3754452299 3886388661 889063411 2169194919 3578303371 1668394961 1552103602 261504711 4068714951 1068486945 1331964967 3413310241 503523818 3454216039 2864453052 3301618669 3304932215 630890747 1157734194 2621622536 2934824804 2429821563 2018492569 857116138 168721373 4077923174 3869047126 1430112322	
0 1083394991 3454942386 3984727704 1994507682 4112518923 2203438724 2824890499 144944517 331219308 2999558953 3524065126 3340792401 3997492553 4013197400 4258525089 66822803 2467071049 1214918195 2965166580 1502963371 989097633 4181232444 3484842215 3754452299 2037212670 2459566987 2169194919 3578303371 1668394961 1552103602 414185897 4068714951 1068486945 1331964967 1728049363 503523818 867396152 2801282423 2162497659 3299197979 630890747 1157734194 2621622536 2934824804 2429821563 4247114357 2589556689 168721373 4077923174 3383125992 1430112322	
0 4205517319 3454942386 2112496973 1994507682 4112518923 2808859044 2824890499 340283560 331219308 2999558953 3524065126 1698754594 3507834445 1886972492 4258525089 3562083724 2467071049 2832312000 862088666 1688910903 989097633 2641233962 3484842215 3754452299 2796526398 414229041 2169194919 2012617064 2992361098 1552103602 3269753752 3576510868 1068486945 1331964967 2257091313 503523818 3650476081 2915013147 370285287 2498992163 1042673590 1157734194 2621622536 2934824804 2429821563 3014984883 340995905 2730127352 2192770400 3708885121 1430112322	
0 3768420552 3454942386 1560336220 1994507682 4112518923 2808859044 2824890499 3992833684 331219308 2999558953 3524065126 600785841 3422913332 348965350 4258525089 1927608854 2467071049 2832312000 862088666 2009499608 4072383076 3175070855 3484842215 3754452299 3256501030 847094226 2169194919 664194804 2992361098 1552103602 2633191638 2369629527 1068486945 1331964967 408795628 503523818 242579288 3447012599 2561667146 2186615138 409439540 1157734194 2621622536 2934824804 2429821563 1649915976 2532653061 2730127352 2192770400 1932691734 1430112322	
0 1614564814 3454942386 2394532093 1994507682 4112518923 2808859044 2824890499 3622032981 331219308 2999558953 3524065126 2069823505 3507834445 348965350 4258525089 2385780797 2467071049 2832312000 862088666 1688910903 989097633 2511575324 3484842215 3754452299 1231414037 2054250033 2169194919 3784310625 2992361098 1552103602 3269753752 1692767744 1068486945 1331964967 2257091313 503523818 3650476081 1160710931 985037466 1260664271 3828226200 1157734194 2621622536 2934824804 2429821563 687381725 629558495 2730127352 2192770400 42556102 1430112322	
0 1083394991 3454942386 2355875156 1994507682 4112518923 2808859044 2824890499 1139488070 331219308 2999558953 3524065126 3069926454 78039833 348965350 4258525089 3876252529 2467071049 2832312000 862088666 1879909838 989097633 4181232444 3484842215 3754452299 441917103 2364531904 2169194919 3578303371 2992361098 1552103602 1080665860 4068714951 1068486945 1331964967 4284594406 503523818 1106053494 2320856703 2002541992 433302831 630890747 1157734194 2621622536 2934824804 2429821563 3220415338 19462215 2730127352 2192770400 3030948920 1430112322	
0 1083394991 3454942386 2924471996 1994507682 4112518923 2808859044 2824890499 1139488070 331219308 2999558953 3524065126 2589233783 3661966879 362647885 4258525089 449671246 2467071049 2832312000 862088666 562900972 989097633 4181232444 3484842215 3754452299 2282412694 3468144064 2169194919 3578303371 2992361098 1552103602 3159882689 4068714951 1068486945 1331964967 3113006428 503523818 1668202269 1892757548 2722766595 3764505622 630890747 1157734194 2621622536 2934824804 2429821563 2398087802 2067978599 2730127352 2192770400 2674310893 1430112322	
0 1083394991 3454942386 391600216 1994507682 4112518923 2808859044 2824890499 1638609704 331219308 2999558953 3524065126 75549082 3422913332 362647885 4258525089 1199239606 2467071049 2832312000 862088666 2009499608 989097633 4181232444 3484842215 3754452299 2913616310 309476610 2169194919 3578303371 2992361098 1552103602 2633191638 4068714951 1068486945 1331964967 408795628 503523818 242579288 1410977231 2501790925 1752993386 630890747 1157734194 2621622536 2934824804 2429821563 3289177414 3381424421 2730127352 2192770400 361474174 1430112322	
0 4205517319 3454942386 1402554340 1994507682 4112518923 2203438724 2824890499 340283560 331219308 2999558953 3524065126 2949164478 3661966879 348965350 4258525089 1868785517 2467071049 1214918195 2965166580 562900972 989097633 2641233962 3484842215 3754452299 240321797 3889918511 2169194919 2012617064 1668394961 1552103602 3159882689 3576510868 1068486945 1331964967 3113006428 503523818 1668202269 2256266646 210800219 520661538 1042673590 1157734194 2621622536 2934824804 2429821563 1299330628 1249324714 168721373 4077923174 1123418009 1430112322	
0 1083394991 3454942386 1402554340 1994507682 4112518923 2203438724 2824890499 3976027647 331219308 2999558953 3524065126 2949164478 3507834445 3676840785 4258525089 807091957 2467071049 1214918195 2965166580 1688910903 989097633 4181232444 3484842215 3754452299 240321797 3889918511 2169194919 3578303371 1668394961 1552103602 3269753752 4068714951 1068486945 1331964967 2257091313 503523818 3650476081 2500905969 3480177516 257344106 630890747 1157734194 2621622536 2934824804 2429821563 814323586 2124187290 168721373 4077923174 2022957668 1430112322	
0 4205517319 3454942386 1697113146 1994507682 4112518923 2808859044 2824890499 3622032981 331219308 2999558953 3524065126 392780782 3295815498 348965350 4258525089 1296614974 2467071049 2832312000 862088666 648299962 989097633 2641233962 3484842215 3754452299 684159726 2574936856 2169194919 2012617064 2992361098 1552103602 2051163565 3576510868 1068486945 1331964967 3124735508 503523818 2201423994 3679051953 687606473 3263170829 1042673590 1157734194 2621622536 2934824804 2429821563 3013433801 2246796934 2730127352 2192770400 3587980260 1430112322	
0 4205517319 3454942386 960766302 1994507682 4112518923 2203438724 2824890499 1638609704 331219308 2999558953 3524065126 2342242945 406984589 4013197400 4258525089 2444499152 2467071049 1214918195 2965166580 3241095964 989097633 2641233962 3484842215 3754452299 2659434454 2778546339 2169194919 2012617064 1668394961 1552103602 2348409359 3576510868 1068486945 1331964967 1461071546 503523818 511244140 2522112700 2859043980 3150214858 1042673590 1157734194 2621622536 2934824804 2429821563 4252437569 2062360047 168721373 4077923174 2296836363 1430112322	
0 4205517319 3454942386 2067078460 1994507682 4112518923 2203438724 2824890499 1460362125 331219308 2999558953 3524065126 3680573031 1019609506 362647885 4258525089 1431720059 2467071049 1214918195 2965166580 2626831277 989097633 2641233962 3484842215 3754452299 4192119169 706689753 2169194919 2012617064 1668394961 1552103602 3419577079 3576510868 1068486945 1331964967 1747869855 503523818 1643589477 1932479875 523103722 844216798 1042673590 1157734194 2621622536 2934824804 2429821563 948043381 1394911691 168721373 4077923174 1175374059 1430112322	
0 941971035 3454942386 3094506940 1994507682 4112518923 2203438724 2824890499 1139488070 331219308 2999558953 3524065126 3290022460 3422913332 348965350 4258525089 973209806 2467071049 1214918195 2965166580 2009499608 989097633 2076461858 3484842215 3754452299 3535580163 2317159977 2169194919 2864731008 1668394961 1552103602 2633191638 31130388 1068486945 1331964967 408795628 503523818 242579288 1512653729 2161211175 1409846937 3162095595 1157734194 2621622536 2934824804 2429821563 2948551767 890882249 168721373 4077923174 2398048056 1430112322	
0 3768420552 3454942386 1845338808 1994507682 4112518923 2203438724 2824890499 3976027647 331219308 2999558953 3524065126 1638984224 2353315960 362647885 4258525089 2809633026 2467071049 1214918195 2965166580 24766274 4072383076 3175070855 3484842215 3754452299 660662966 3283641587 2169194919 664194804 1668394961 1552103602 642521268 2369629527 1068486945 1331964967 2353789938 503523818 813781066 2870066588 357978048 3573108544 409439540 1157734194 2621622536 2934824804 2429821563 3962483774 417937679 168721373 4077923174 3155893353 1430112322	
0 4205517319 3454942386 3347912765 1994507682 4112518923 2808859044 2824890499 1638609704 331219308 2999558953 3524065126 1317514601 3450350195 362647885 4258525089 1404487757 2467071049 2832312000 862088666 3077701824 989097633 2641233962 3484842215 3754452299 788013522 1886085176 2169194919 2012617064 2992361098 1552103602 303606737 3576510868 1068486945 1331964967 4258915161 503523818 967194564 3823411805 2007951744 942460169 1042673590 1157734194 2621622536 2934824804 2429821563 1070088321 3224395745 2730127352 2192770400 3636701000 1430112322	
0 4205517319 3454942386 3201352653 1994507682 4112518923 2203438724 2824890499 1460362125 331219308 2999558953 3524065126 4153900588 2669474086 362647885 4258525089 687475706 2467071049 1214918195 2965166580 1794856285 989097633 2641233962 3484842215 3754452299 1853351806 3514939599 2169194919 2012617064 1668394961 1552103602 943524439 3576510868 1068486945 1331964967 587092444 503523818 2919182003 1167052603 3498045906 2258316421 1042673590 1157734194 2621622536 2934824804 2429821563 3068673577 2529820156 168721373 4077923174 3788618206 1430112322	
0 1614564814 3454942386 4183668904 1994507682 4112518923 2808859044 2824890499 1139488070 331219308 2999558953 3524065126 36843520 2669474086 1886972492 4258525089 565737463 2467071049 2832312000 862088666 1794856285 989097633 2511575324 3484842215 3754452299 2475924223 842120558 2169194919 3784310625 2992361098 1552103602 943524439 1692767744 1068486945 1331964967 587092444 503523818 2919182003 1835131512 1196466999 3919903512 3828226200 1157734194 2621622536 2934824804 2429821563 3210259165 2253595540 2730127352 2192770400 626515826 1430112322	
0 4205517319 3454942386 236369400 1994507682 4112518923 4093622152 2824890499 1638609704 331219308 2999558953 3524065126 60608086 535941527 3739798340 4258525089 3717691185 2467071049 1214918195 649420955 4097946403 989097633 2641233962 3484842215 3754452299 3244275741 652877872 2169194919 2012617064 1668394961 1552103602 4218091012 3576510868 1068486945 1331964967 198393422 503523818 2372549128 3796305015 3057707382 2754271883 1042673590 1157734194 2621622536 2934824804 2429821563 2750319301 824249036 168721373 3307149330 3480597481 1430112322	
0 1083394991 3454942386 3984727704 1994507682 4112518923 2808859044 2824890499 1638609704 331219308 2999558953 3524065126 3340792401 40996090 362647885 4258525089 2726053563 2467071049 2832312000 862088666 1659218527 989097633 4181232444 3484842215 3754452299 2037212670 2459566987 2169194919 3578303371 2992361098 1552103602 261504711 4068714951 1068486945 1331964967 3413310241 503523818 3454216039 2492560334 465206959 1290504505 630890747 1157734194 2621622536 2934824804 2429821563 2018492569 4269427434 2730127352 2192770400 3606836090 1430112322	
0 1614564814 3454942386 1841828117 1994507682 4112518923 2808859044 2824890499 1460362125 331219308 2999558953 3524065126 2978866541 1956232018 3676840785 4258525089 2318824310 2467071049 2832312000 862088666 3928550205 989097633 2511575324 3484842215 3754452299 1795058215 2072516872 2169194919 3784310625 2992361098 1552103602 3957647522 1692767744 1068486945 1331964967 1460428146 503523818 2996734433 4976358 4186195248 2886266439 3828226200 1157734194 2621622536 2934824804 2429821563 3679368291 21015811 2730127352 2192770400 3497326707 1430112322	
0 1614564814 3454942386 2924471996 1994507682 4112518923 2808859044 2824890499 3622032981 331219308 2999558953 3524065126 2589233783 1955002940 348965350 4258525089 4103681389 2467071049 2832312000 862088666 2636560243 989097633 2511575324 3484842215 3754452299 2282412694 3468144064 2169194919 3784310625 2992361098 1552103602 1208828684 1692767744 1068486945 1331964967 1379313878 503523818 2272255135 1721482077 2592622522 26807886 3828226200 1157734194 2621622536 2934824804 2429821563 3904323026 4242884997 2730127352 2192770400 1650511133 1430112322	
0 4205517319 3454942386 236369400 1994507682 4112518923 2203438724 2824890499 3622032981 331219308 2999558953 3524065126 60608086 916791228 348965350 4258525089 4103681389 2467071049 1214918195 2965166580 3808351211 989097633 2641233962 3484842215 3754452299 3244275741 652877872 2169194919 2012617064 1668394961 1552103602 3077625518 3576510868 1068486945 1331964967 1023510474 503523818 2023937645 1721482077 3293898260 26807886 1042673590 1157734194 2621622536 2934824804 2429821563 174105210 4242884997 168721373 4077923174 1650511133 1430112322	
0 3768420552 3454942386 1402554340 1994507682 4112518923 2808859044 2824890499 1638609704 331219308 2999558953 3524065126 2949164478 3997492553 362647885 4258525089 3150064701 2467071049 2832312000 862088666 1502963371 4072383076 3175070855 3484842215 3754452299 240321797 3889918511 2169194919 664194804 2992361098 1552103602 414185897 2369629527 1068486945 1331964967 1728049363 503523818 867396152 1162815543 777715618 3183445406 409439540 1157734194 2621622536 2934824804 2429821563 540093018 403868960 2730127352 2192770400 3847416722 1430112322	
0 4205517319 3454942386 854720261 1994507682 4112518923 2808859044 2824890499 2722132332 331219308 2999558953 3524065126 3040060696 3997492553 3676840785 4258525089 553829278 2467071049 2832312000 862088666 1502963371 989097633 2641233962 3484842215 3754452299 722686710 609342700 2169194919 2012617064 2992361098 1552103602 414185897 3576510868 1068486945 1331964967 1728049363 503523818 867396152 3980682188 2578085281 3034769166 1042673590 1157734194 2621622536 2934824804 2429821563 60313977 2245053461 2730127352 2192770400 71260080 1430112322	
0 1083394991 3454942386 1268207651 1994507682 4112518923 2808859044 2824890499 1638609704 331219308 2999558953 3524065126 758681682 78039833 362647885 4258525089 3390545656 2467071049 2832312000 862088666 1879909838 989097633 4181232444 3484842215 3754452299 3266707485 1106234158 2169194919 3578303371 2992361098 1552103602 1080665860 4068714951 1068486945 1331964967 4284594406 503523818 1106053494 1759058572 2849595089 103118721 630890747 1157734194 2621622536 2934824804 2429821563 3220415338 4145317105 2730127352 2192770400 76750958 1430112322	
0 4205517319 3454942386 3984727704 1994507682 4112518923 2808859044 2824890499 1638609704 331219308 2999558953 3524065126 3340792401 78039833 362647885 4258525089 3390545656 2467071049 2832312000 862088666 1879909838 989097633 2641233962 3484842215 3754452299 2037212670 2459566987 2169194919 2012617064 2992361098 1552103602 1080665860 3576510868 1068486945 1331964967 4284594406 503523818 1106053494 1759058572 2849595089 103118721 1042673590 1157734194 2621622536 2934824804 2429821563 1639781972 4145317105 2730127352 2192770400 76750958 1430112322	
0 1083394991 3454942386 2924471996 1994507682 4112518923 2808859044 2824890499 144944517 331219308 2999558953 3524065126 2589233783 40996090 348965350 4258525089 3501619897 2467071049 2832312000 862088666 1659218527 989097633 4181232444 3484842215 3754452299 2282412694 3468144064 2169194919 3578303371 2992361098 1552103602 261504711 4068714951 1068486945 1331964967 3413310241 503523818 3454216039 4167359922 1201351965 3513799629 630890747 1157734194 2621622536 2934824804 2429821563 2018492569 484309559 2730127352 2192770400 2247380215 1430112322	
0 3768420552 3454942386 2700839685 1994507682 4112518923 2203438724 2824890499 144944517 331219308 2999558953 3524065126 3357176065 3997492553 348965350 4258525089 3501619897 2467071049 1214918195 2965166580 1502963371 4072383076 3175070855 3484842215 3754452299 4166495700 354419800 2169194919 664194804 1668394961 1552103602 414185897 2369629527 1068486945 1331964967 1728049363 503523818 867396152 4167359922 3359194821 3513799629 409439540 1157734194 2621622536 2934824804 2429821563 540093018 484309559 168721373 4077923174 2247380215 1430112322	
0 941971035 3454942386 2018171273 1994507682 4112518923 2203438724 2824890499 3976027647 331219308 2999558953 3524065126 43335756 3490111306 362647885 4258525089 3724526957 2467071049 1214918195 2965166580 2999644973 989097633 2076461858 3484842215 3754452299 1674986896 3925485969 2169194919 2864731008 1668394961 1552103602 2208327497 31130388 1068486945 1331964967 4049155636 503523818 789587149 2957760732 2792107814 1890885166 3162095595 1157734194 2621622536 2934824804 2429821563 3528073931 1662394427 168721373 4077923174 3961332746 1430112322	
0 4205517319 3454942386 3094506940 1994507682 4112518923 2203438724 2824890499 2722132332 331219308 2999558953 3524065126 3290022460 3507834445 348965350 4258525089 3397201191 2467071049 1214918195 2965166580 1688910903 989097633 2641233962 3484842215 3754452299 3535580163 2317159977 2169194919 2012617064 1668394961 1552103602 3269753752 3576510868 1068486945 1331964967 2257091313 503523818 3650476081 1999760145 3639778 1644060018 1042673590 1157734194 2621622536 2934824804 2429821563 3014984883 1196281327 168721373 4077923174 2899628589 1430112322	
0 1083394991 3454942386 3227208719 1994507682 4112518923 2203438724 2824890499 1460362125 331219308 2999558953 3524065126 4073368448 3119150608 362647885 4258525089 4033319788 2467071049 1214918195 2965166580 1599691429 989097633 4181232444 3484842215 3754452299 503113475 450879470 2169194919 3578303371 1668394961 1552103602 3615457753 4068714951 1068486945 1331964967 3473645296 503523818 3408801716 3310381419 3309650788 2978987210 630890747 1157734194 2621622536 2934824804 2429821563 2120356631 2687172524 168721373 4077923174 1143450979 1430112322	
0 4205517319 3454942386 3777736086 1994507682 4112518923 2808859044 2824890499 1460362125 331219308 2999558953 3524065126 3660521897 3997492553 362647885 4258525089 1431720059 2467071049 2832312000 862088666 1502963371 989097633 2641233962 3484842215 3754452299 2214643128 1194805839 2169194919 2012617064 2992361098 1552103602 414185897 3576510868 1068486945 1331964967 1728049363 503523818 867396152 1932479875 1964674750 844216798 1042673590 1157734194 2621622536 2934824804 2429821563 60313977 1394911691 2730127352 2192770400 1175374059 1430112322	
0 1614564814 3454942386 992372818 1994507682 4112518923 2808859044 2824890499 3992833684 331219308 2999558953 3524065126 4210192640 406984589 3004717780 4258525089 2046084065 2467071049 2832312000 862088666 3241095964 989097633 2511575324 3484842215 3754452299 2123068591 2125847845 2169194919 3784310625 2992361098 1552103602 2348409359 1692767744 1068486945 1331964967 1461071546 503523818 511244140 1562985430 1576088013 2931444532 3828226200 1157734194 2621622536 2934824804 2429821563 3744595344 1759710075 2730127352 2192770400 168592957 1430112322	
0 1083394991 3454942386 3094506940 1994507682 4112518923 2203438724 2824890499 1139488070 331219308 2999558953 3524065126 3290022460 3490111306 362647885 4258525089 2806147343 2467071049 1214918195 2965166580 2999644973 989097633 4181232444 3484842215 3754452299 3535580163 2317159977 2169194919 3578303371 1668394961 1552103602 2208327497 4068714951 1068486945 1331964967 4049155636 503523818 789587149 142068019 2722766595 2831788557 630890747 1157734194 2621622536 2934824804 2429821563 346332184 4283103566 168721373 4077923174 3574113532 1430112322	
0 1083394991 3454942386 2700839685 1994507682 4112518923 2808859044 2824890499 1638609704 331219308 2999558953 3524065126 3357176065 916791228 362647885 4258525089 2126135767 2467071049 2832312000 862088666 3808351211 989097633 4181232444 3484842215 3754452299 4166495700 354419800 2169194919 3578303371 2992361098 1552103602 3077625518 4068714951 1068486945 1331964967 1023510474 503523818 2023937645 636349432 2304438138 2248299025 630890747 1157734194 2621622536 2934824804 2429821563 3876134116 46084012 2730127352 2192770400 2632074488 1430112322	
0 4205517319 3454942386 2700839685 1994507682 4112518923 2808859044 2824890499 1638609704 331219308 2999558953 3524065126 3357176065 3490111306 362647885 4258525089 2126135767 2467071049 2832312000 862088666 2999644973 989097633 2641233962 3484842215 3754452299 4166495700 354419800 2169194919 2012617064 2992361098 1552103602 2208327497 3576510868 1068486945 1331964967 4049155636 503523818 789587149 636349432 2304438138 2248299025 1042673590 1157734194 2621622536 2934824804 2429821563 1206731532 46084012 2730127352 2192770400 2632074488 1430112322	
0 3768420552 3454942386 391600216 1994507682 4112518923 2203438724 2824890499 4150456259 331219308 2999558953 3524065126 75549082 3661966879 362647885 4258525089 1204946819 2467071049 1214918195 2965166580 562900972 4072383076 3175070855 3484842215 3754452299 2913616310 309476610 2169194919 664194804 1668394961 1552103602 3159882689 2369629527 1068486945 1331964967 3113006428 503523818 1668202269 1405163267 2722766595 3621990961 409439540 1157734194 2621622536 2934824804 2429821563 1412340566 2381828752 168721373 4077923174 795368128 1430112322	
0 3768420552 3454942386 3335374464 1994507682 4112518923 2808859044 2824890499 4150456259 331219308 2999558953 3524065126 3045077757 916791228 362647885 4258525089 3881053697 2467071049 2832312000 862088666 3808351211 4072383076 3175070855 3484842215 3754452299 157189983 1075865635 2169194919 664194804 2992361098 1552103602 3077625518 2369629527 1068486945 1331964967 1023510474 503523818 2023937645 4083132189 905631783 3635328645 409439540 1157734194 2621622536 2934824804 2429821563 1890888466 1732998555 2730127352 2192770400 2045393276 1430112322	
0 1614564814 3454942386 1412680708 1994507682 4112518923 2203438724 2824890499 4150456259 331219308 2999558953 3524065126 2268550134 3490111306 362647885 4258525089 2431374106 2467071049 1214918195 2965166580 2999644973 989097633 2511575324 3484842215 3754452299 62846772 269466614 2169194919 3784310625 1668394961 1552103602 2208327497 1692767744 1068486945 1331964967 4049155636 503523818 789587149 3075326711 1368315230 3454595154 3828226200 1157734194 2621622536 2934824804 2429821563 3402335971 3253646967 168721373 4077923174 3789199743 1430112322	
0 4205517319 3454942386 1636148523 1994507682 4112518923 4160373385 2824890499 1460362125 331219308 2999558953 3524065126 58812682 78039833 362647885 4258525089 2578480025 2467071049 1214918195 2131827147 1879909838 989097633 2641233962 3484842215 3754452299 2826950496 3265533468 2169194919 2012617064 1668394961 1552103602 1080665860 3576510868 1068486945 1331964967 4284594406 503523818 1106053494 1297152772 3826489516 2747169221 1042673590 1157734194 2621622536 2934824804 2429821563 1639781972 2865221492 168721373 2728127955 2368328509 1430112322	
0 4205517319 3454942386 283247090 1994507682 4112518923 2808859044 2824890499 4150456259 331219308 2999558953 3524065126 2497170783 78039833 362647885 4258525089 109893286 2467071049 2832312000 862088666 1879909838 989097633 2641233962 3484842215 3754452299 924593418 3285558306 2169194919 2012617064 2992361098 1552103602 1080665860 3576510868 1068486945 1331964967 4284594406 503523818 1106053494 231814123 2722766595 3072725903 1042673590 1157734194 2621622536 2934824804 2429821563 1639781972 1127165007 2730127352 2192770400 315992318 1430112322	
0 3768420552 3454942386 3227208719 1994507682 4112518923 4160373385 2824890499 1139488070 331219308 2999558953 3524065126 4073368448 406984589 2922694512 4258525089 2744296685 2467071049 1214918195 2131827147 3241095964 4072383076 3175070855 3484842215 3754452299 503113475 450879470 2169194919 664194804 1668394961 1552103602 2348409359 2369629527 1068486945 1331964967 1461071546 503523818 511244140 977903504 3107864313 3157197846 409439540 1157734194 2621622536 2934824804 2429821563 3014335135 3522693301 168721373 2728127955 826857781 1430112322	
0 4205517319 3454942386 1088945299 1994507682 4112518923 2203438724 2824890499 1139488070 331219308 2999558953 3524065126 1816786186 1955002940 1886972492 4258525089 2287137459 2467071049 1214918195 2965166580 2636560243 989097633 2641233962 3484842215 3754452299 816205235 1342157981 2169194919 2012617064 1668394961 1552103602 1208828684 3576510868 1068486945 1331964967 1379313878 503523818 2272255135 420503440 3082242643 3919484442 1042673590 1157734194 2621622536 2934824804 2429821563 3285021726 3376238100 168721373 4077923174 1147248533 1430112322	
0 1083394991 3454942386 236369400 1994507682 4112518923 2203438724 2824890499 2722132332 331219308 2999558953 3524065126 60608086 3507834445 348965350 4258525089 2569680726 2467071049 1214918195 2965166580 1688910903 989097633 4181232444 3484842215 3754452299 3244275741 652877872 2169194919 3578303371 1668394961 1552103602 3269753752 4068714951 1068486945 1331964967 2257091313 503523818 3650476081 3040627814 3844234809 3223614919 630890747 1157734194 2621622536 2934824804 2429821563 814323586 138957387 168721373 4077923174 755151769 1430112322	
0 1614564814 3454942386 960766302 1994507682 4112518923 2203438724 2824890499 144944517 331219308 2999558953 3524065126 2342242945 1955002940 362647885 4258525089 495715682 2467071049 1214918195 2965166580 2636560243 989097633 2511575324 3484842215 3754452299 2659434454 2778546339 2169194919 3784310625 1668394961 1552103602 1208828684 1692767744 1068486945 1331964967 1379313878 503523818 2272255135 3301854650 3417589345 957537104 3828226200 1157734194 2621622536 2934824804 2429821563 3904323026 4162162093 168721373 4077923174 346997873 1430112322	
0 4205517319 3454942386 449073333 1994507682 4112518923 2808859044 2824890499 1638609704 331219308 2999558953 3524065126 612603224 4015586685 362647885 4258525089 2938343912 2467071049 2832312000 862088666 4030029379 989097633 2641233962 3484842215 3754452299 2302877627 718891536 2169194919 2012617064 2992361098 1552103602 4041595577 3576510868 1068486945 1331964967 1098240640 503523818 2107750054 4139790565 3115353813 2509307418 1042673590 1157734194 2621622536 2934824804 2429821563 4004244137 1122649405 2730127352 2192770400 135838307 1430112322	
0 4205517319 3454942386 3611081134 1994507682 4112518923 2808859044 2824890499 1540036778 331219308 2999558953 3524065126 2822609060 1019609506 3676840785 4258525089 996783053 2467071049 2832312000 862088666 2626831277 989097633 2641233962 3484842215 3754452299 1955984430 340020233 2169194919 2012617064 2992361098 1552103602 3419577079 3576510868 1068486945 1331964967 1747869855 503523818 1643589477 3953319110 2609874416 3218608877 1042673590 1157734194 2621622536 2934824804 2429821563 948043381 1977932499 2730127352 2192770400 2505690096 1430112322	
0 1083394991 3454942386 1560336220 1994507682 4112518923 2203438724 2824890499 1638609704 331219308 2999558953 3524065126 600785841 3997492553 4013197400 4258525089 2913282686 2467071049 1214918195 2965166580 1502963371 989097633 4181232444 3484842215 3754452299 3256501030 847094226 2169194919 3578303371 1668394961 1552103602 414185897 4068714951 1068486945 1331964967 1728049363 503523818 867396152 1286379784 1445999751 2186784285 630890747 1157734194 2621622536 2934824804 2429821563 4247114357 2992561533 168721373 4077923174 2937069139 1430112322	
0 941971035 3454942386 1560336220 1994507682 4112518923 2203438724 2824890499 1460362125 331219308 2999558953 3524065126 600785841 1955002940 362647885 4258525089 4033319788 2467071049 1214918195 2965166580 2636560243 989097633 2076461858 3484842215 3754452299 3256501030 847094226 2169194919 2864731008 1668394961 1552103602 1208828684 31130388 1068486945 1331964967 1379313878 503523818 2272255135 3310381419 3673645088 2978987210 3162095595 1157734194 2621622536 2934824804 2429821563 2452040425 2687172524 168721373 4077923174 1143450979 1430112322	
0 1083394991 3454942386 761781732 1994507682 4112518923 2808859044 2824890499 3622032981 331219308 2999558953 3524065126 2608555536 3661966879 3130817644 4258525089 2467242840 2467071049 2832312000 862088666 562900972 989097633 4181232444 3484842215 3754452299 4186160088 2247127195 2169194919 3578303371 2992361098 1552103602 3159882689 4068714951 1068486945 1331964967 3113006428 503523818 1668202269 351490158 2662118518 2078289483 630890747 1157734194 2621622536 2934824804 2429821563 2398087802 4096209255 2730127352 2192770400 3878431702 1430112322	
0 4205517319 3454942386 1636148523 1994507682 4112518923 2203438724 2824890499 1139488070 331219308 2999558953 3524065126 58812682 535941527 1886972492 4258525089 281621059 2467071049 1214918195 2965166580 4097946403 989097633 2641233962 3484842215 3754452299 2826950496 3265533468 2169194919 2012617064 1668394961 1552103602 4218091012 3576510868 1068486945 1331964967 198393422 503523818 2372549128 2832680028 1216467789 1229144747 1042673590 1157734194 2621622536 2934824804 2429821563 2750319301 2502533651 168721373 4077923174 4231463567 1430112322	
0 1614564814 3454942386 3777736086 1994507682 4112518923 2808859044 2824890499 144944517 331219308 2999558953 3524065126 3660521897 2669474086 1886972492 4258525089 266102049 2467071049 2832312000 862088666 1794856285 989097633 2511575324 3484842215 3754452299 2214643128 1194805839 2169194919 3784310625 2992361098 1552103602 943524439 1692767744 1068486945 1331964967 587092444 503523818 2919182003 3451474236 3347396178 4011492053 3828226200 1157734194 2621622536 2934824804 2429821563 3210259165 3047316707 2730127352 2192770400 3372606176 1430112322	
0 3768420552 3454942386 3777736086 1994507682 4112518923 2808859044 2824890499 144944517 331219308 2999558953 3524065126 3660521897 3119150608 1886972492 4258525089 266102049 2467071049 2832312000 862088666 1599691429 4072383076 3175070855 3484842215 3754452299 2214643128 1194805839 2169194919 664194804 2992361098 1552103602 3615457753 2369629527 1068486945 1331964967 3473645296 503523818 3408801716 3451474236 3347396178 4011492053 409439540 1157734194 2621622536 2934824804 2429821563 4250451206 3047316707 2730127352 2192770400 3372606176 1430112322	
0 4205517319 3454942386 283247090 1994507682 4112518923 2808859044 2824890499 1638609704 331219308 2999558953 3524065126 2497170783 3340113727 3004717780 4258525089 451710690 2467071049 2832312000 862088666 2919392317 989097633 2641233962 3484842215 3754452299 924593418 3285558306 2169194919 2012617064 2992361098 1552103602 3586533348 3576510868 1068486945 1331964967 1957257775 503523818 2496582483 1423013070 3788148886 1192589515 1042673590 1157734194 2621622536 2934824804 2429821563 3516307583 765575563 2730127352 2192770400 2718546559 1430112322	
0 3768420552 3454942386 2597147609 1994507682 4112518923 2808859044 2824890499 2722132332 331219308 2999558953 3524065126 394783903 40996090 362647885 4258525089 3154607729 2467071049 2832312000 862088666 1659218527 4072383076 3175070855 3484842215 3754452299 2798145565 3028467478 2169194919 664194804 2992361098 1552103602 261504711 2369629527 1068486945 1331964967 3413310241 503523818 3454216039 318816857 2722766595 2538372251 409439540 1157734194 2621622536 2934824804 2429821563 4085699543 1334898730 2730127352 2192770400 1624057912 1430112322	
0 1083394991 3454942386 2362495349 1994507682 4112518923 2808859044 2824890499 1638609704 331219308 2999558953 3524065126 2099818059 3997492553 362647885 4258525089 3390545656 2467071049 2832312000 862088666 1502963371 989097633 4181232444 3484842215 3754452299 836772643 2976954767 2169194919 3578303371 2992361098 1552103602 414185897 4068714951 1068486945 1331964967 1728049363 503523818 867396152 1759058572 3006191728 103118721 630890747 1157734194 2621622536 2934824804 2429821563 4247114357 4145317105 2730127352 2192770400 76750958 1430112322	
0 4205517319 3454942386 1088945299 1994507682 4112518923 2203438724 2824890499 1139488070 331219308 2999558953 3524065126 1816786186 916791228 1886972492 4258525089 4248702073 2467071049 1214918195 2965166580 3808351211 989097633 2641233962 3484842215 3754452299 816205235 1342157981 2169194919 2012617064 1668394961 1552103602 3077625518 3576510868 1068486945 1331964967 1023510474 503523818 2023937645 4282959196 682742439 2060918390 1042673590 1157734194 2621622536 2934824804 2429821563 174105210 3858054446 168721373 4077923174 1793900314 1430112322	
0 3768420552 3454942386 3973921049 1994507682 4112518923 2808859044 2824890499 3976027647 331219308 2999558953 3524065126 3522948802 2669474086 3676840785 4258525089 2565202371 2467071049 2832312000 862088666 1794856285 4072383076 3175070855 3484842215 3754452299 2992338533 4101752389 2169194919 664194804 2992361098 1552103602 943524439 2369629527 1068486945 1331964967 587092444 503523818 2919182003 2267010172 3078996878 324614243 409439540 1157734194 2621622536 2934824804 2429821563 1605803999 1272044590 2730127352 2192770400 2635238762 1430112322	
0 1083394991 3454942386 1560336220 1994507682 4112518923 2203438724 2824890499 1139488070 331219308 2999558953 3524065126 600785841 40996090 1886972492 4258525089 1468780036 2467071049 1214918195 2965166580 1659218527 989097633 4181232444 3484842215 3754452299 3256501030 847094226 2169194919 3578303371 1668394961 1552103602 261504711 4068714951 1068486945 1331964967 3413310241 503523818 3454216039 748030574 1179109259 2248155725 630890747 1157734194 2621622536 2934824804 2429821563 2018492569 2191669225 168721373 4077923174 2713580672 1430112322	
0 2881234071 3454942386 2700839685 1994507682 4112518923 2808859044 2824890499 3622032981 331219308 2999558953 3524065126 3357176065 78039833 362647885 4258525089 2710855586 2467071049 2832312000 862088666 1879909838 4072383076 2321297459 3484842215 3754452299 4166495700 354419800 2169194919 4271463048 2992361098 1552103602 1080665860 1703983532 1068486945 1331964967 4284594406 503523818 1106053494 4180445227 1201548455 1443188959 2293995760 1157734194 2621622536 2934824804 2429821563 3868288012 3616017123 2730127352 2192770400 3129374736 1430112322	
0 1614564814 3454942386 591190361 1994507682 4112518923 2808859044 2824890499 1638609704 331219308 2999558953 3524065126 1739979168 1956232018 362647885 4258525089 2536830229 2467071049 2832312000 862088666 3928550205 989097633 2511575324 3484842215 3754452299 4019093997 2752330772 2169194919 3784310625 2992361098 1552103602 3957647522 1692767744 1068486945 1331964967 1460428146 503523818 2996734433 1552400102 3314506628 2338207872 3828226200 1157734194 2621622536 2934824804 2429821563 3679368291 1983161465 2730127352 2192770400 1952698001 1430112322	
0 3768420552 3454942386 2700839685 1994507682 4112518923 2203438724 2824890499 1638609704 331219308 2999558953 3524065126 3357176065 3997492553 4013197400 4258525089 2444499152 2467071049 1214918195 2965166580 1502963371 4072383076 3175070855 3484842215 3754452299 4166495700 354419800 2169194919 664194804 1668394961 1552103602 414185897 2369629527 1068486945 1331964967 1728049363 503523818 867396152 2522112700 3179136254 3150214858 409439540 1157734194 2621622536 2934824804 2429821563 540093018 2062360047 168721373 4077923174 2296836363 1430112322	
0 1614564814 3454942386 2924471996 1994507682 4112518923 2203438724 2824890499 2722132332 331219308 2999558953 3524065126 2589233783 3422913332 348965350 4258525089 3397201191 2467071049 1214918195 2965166580 2009499608 989097633 2511575324 3484842215 3754452299 2282412694 3468144064 2169194919 3784310625 1668394961 1552103602 2633191638 1692767744 1068486945 1331964967 408795628 503523818 242579288 1999760145 173555128 1644060018 3828226200 1157734194 2621622536 2934824804 2429821563 328194109 1196281327 168721373 4077923174 2899628589 1430112322	
0 1614564814 3454942386 788413991 1994507682 4112518923 2808859044 2824890499 1638609704 331219308 2999558953 3524065126 1405413613 1955002940 4013197400 4258525089 2913282686 2467071049 2832312000 862088666 2636560243 989097633 2511575324 3484842215 3754452299 2292430523 3362268729 2169194919 3784310625 2992361098 1552103602 1208828684 1692767744 1068486945 1331964967 1379313878 503523818 2272255135 1286379784 2675565545 2186784285 3828226200 1157734194 2621622536 2934824804 2429821563 3904323026 2992561533 2730127352 2192770400 2937069139 1430112322	
0 1083394991 3454942386 410146992 1994507682 4112518923 2808859044 2824890499 144944517 331219308 2999558953 3524065126 2057483835 1956232018 1886972492 4258525089 266179346 2467071049 2832312000 862088666 3928550205 989097633 4181232444 3484842215 3754452299 315089625 1757208737 2169194919 3578303371 2992361098 1552103602 3957647522 4068714951 1068486945 1331964967 1460428146 503523818 2996734433 2075738225 116520694 1425072988 630890747 1157734194 2621622536 2934824804 2429821563 952898568 2867625748 2730127352 2192770400 2025802596 1430112322	
0 1614564814 3454942386 591190361 1994507682 4112518923 2808859044 2824890499 340283560 331219308 2999558953 3524065126 1739979168 916791228 348965350 4258525089 1500976953 2467071049 2832312000 862088666 3808351211 989097633 2511575324 3484842215 3754452299 4019093997 2752330772 2169194919 3784310625 2992361098 1552103602 3077625518 1692767744 1068486945 1331964967 1023510474 503523818 2023937645 1042957220 888533184 3995046234 3828226200 1157734194 2621622536 2934824804 2429821563 2127797818 3412363539 2730127352 2192770400 3759931583 1430112322	
0 3768420552 3454942386 2478103383 1994507682 4112518923 2203438724 2824890499 1638609704 331219308 2999558953 3524065126 1983742981 3661966879 1886972492 4258525089 516757691 2467071049 1214918195 2965166580 562900972 4072383076 3175070855 3484842215 3754452299 4109730349 4108817096 2169194919 664194804 1668394961 1552103602 3159882689 2369629527 1068486945 1331964967 3113006428 503523818 1668202269 534557600 2012371111 2482308641 409439540 1157734194 2621622536 2934824804 2429821563 1412340566 3898864241 168721373 4077923174 4132418538 1430112322	
0 4205517319 3454942386 2924471996 1994507682 4112518923 2808859044 2824890499 1638609704 331219308 2999558953 3524065126 2589233783 535941527 3866873279 4258525089 2773821951 2467071049 2832312000 862088666 4097946403 989097633 2641233962 3484842215 3754452299 2282412694 3468144064 2169194919 2012617064 2992361098 1552103602 4218091012 3576510868 1068486945 1331964967 198393422 503523818 2372549128 2663917966 3786095080 2983381845 1042673590 1157734194 2621622536 2934824804 2429821563 2750319301 933461921 2730127352 2192770400 1828032983 1430112322	
0 4205517319 3454942386 3227208719 1994507682 4112518923 2808859044 2824890499 3976027647 331219308 2999558953 3524065126 4073368448 1555760317 2836639557 4258525089 1170185945 2467071049 2832312000 862088666 3701340724 989097633 2641233962 3484842215 3754452299 503113475 450879470 2169194919 2012617064 2992361098 1552103602 2117133652 3576510868 1068486945 1331964967 1874121111 503523818 2166721244 347628248 3560960313 3137285010 1042673590 1157734194 2621622536 2934824804 2429821563 2253088079 22321010 2730127352 2192770400 641645561 1430112322	
0 4205517319 3454942386 2924471996 1994507682 4112518923 4160373385 2824890499 144944517 331219308 2999558953 3524065126 2589233783 78039833 348965350 4258525089 3501619897 2467071049 1214918195 2131827147 1879909838 989097633 2641233962 3484842215 3754452299 2282412694 3468144064 2169194919 2012617064 1668394961 1552103602 1080665860 3576510868 1068486945 1331964967 4284594406 503523818 1106053494 4167359922 1828988103 3513799629 1042673590 1157734194 2621622536 2934824804 2429821563 1639781972 484309559 168721373 2728127955 2247380215 1430112322	
0 1083394991 3454942386 391600216 1994507682 4112518923 2808859044 2824890499 2722132332 331219308 2999558953 3524065126 75549082 3997492553 1886972492 4258525089 1823791746 2467071049 2832312000 862088666 1502963371 989097633 4181232444 3484842215 3754452299 2913616310 309476610 2169194919 3578303371 2992361098 1552103602 414185897 4068714951 1068486945 1331964967 1728049363 503523818 867396152 1314161884 2582038555 3276042364 630890747 1157734194 2621622536 2934824804 2429821563 4247114357 3043722395 2730127352 2192770400 2503218473 1430112322	
0 3768420552 3454942386 2924471996 1994507682 4112518923 2808859044 2824890499 340283560 331219308 2999558953 3524065126 2589233783 3661966879 362647885 4258525089 3195655673 2467071049 2832312000 862088666 562900972 4072383076 3175070855 3484842215 3754452299 2282412694 3468144064 2169194919 664194804 2992361098 1552103602 3159882689 2369629527 1068486945 1331964967 3113006428 503523818 1668202269 3329640597 2839199975 3978498869 409439540 1157734194 2621622536 2934824804 2429821563 1412340566 219016053 2730127352 2192770400 850657457 1430112322	
0 3768420552 3454942386 1088945299 1994507682 4112518923 2203438724 2824890499 1139488070 331219308 2999558953 3524065126 1816786186 1019609506 1886972492 4258525089 565737463 2467071049 1214918195 2965166580 2626831277 4072383076 3175070855 3484842215 3754452299 816205235 1342157981 2169194919 664194804 1668394961 1552103602 3419577079 2369629527 1068486945 1331964967 1747869855 503523818 1643589477 1835131512 249952719 3919903512 409439540 1157734194 2621622536 2934824804 2429821563 3416930943 2253595540 168721373 4077923174 626515826 1430112322	
0 941971035 3454942386 391600216 1994507682 4112518923 2808859044 2824890499 4150456259 331219308 2999558953 3524065126 75549082 1956232018 348965350 4258525089 868727879 2467071049 2832312000 862088666 3928550205 989097633 2076461858 3484842215 3754452299 2913616310 309476610 2169194919 2864731008 2992361098 1552103602 3957647522 31130388 1068486945 1331964967 1460428146 503523818 2996734433 4084499053 3085047100 2123178654 3162095595 1157734194 2621622536 2934824804 2429821563 4200576502 519174822 2730127352 2192770400 2267385468 1430112322	
0 3768420552 3454942386 1402554340 1994507682 4112518923 2203438724 2824890499 3992833684 331219308 2999558953 3524065126 2949164478 2353315960 348965350 4258525089 564569183 2467071049 1214918195 2965166580 24766274 4072383076 3175070855 3484842215 3754452299 240321797 3889918511 2169194919 664194804 1668394961 1552103602 642521268 2369629527 1068486945 1331964967 2353789938 503523818 813781066 1490690984 638256181 258093438 409439540 1157734194 2621622536 2934824804 2429821563 3962483774 2070808096 168721373 4077923174 2688623993 1430112322	
0 3768420552 3454942386 4209507126 1994507682 4112518923 2203438724 2824890499 1638609704 331219308 2999558953 3524065126 2716736145 1956232018 4013197400 4258525089 3587891937 2467071049 1214918195 2965166580 3928550205 4072383076 3175070855 3484842215 3754452299 2774081159 245493440 2169194919 664194804 1668394961 1552103602 3957647522 2369629527 1068486945 1331964967 1460428146 503523818 2996734433 37162360 10537530 1903033895 409439540 1157734194 2621622536 2934824804 2429821563 1348676663 1435501105 168721373 4077923174 46006519 1430112322	
0 1614564814 3454942386 2478103383 1994507682 4112518923 2203438724 2824890499 4150456259 331219308 2999558953 3524065126 1983742981 3422913332 348965350 4258525089 4249147056 2467071049 1214918195 2965166580 2009499608 989097633 2511575324 3484842215 3754452299 4109730349 4108817096 2169194919 3784310625 1668394961 1552103602 2633191638 1692767744 1068486945 1331964967 408795628 503523818 242579288 1373601744 2728939466 2438047442 3828226200 1157734194 2621622536 2934824804 2429821563 328194109 3499448219 168721373 4077923174 109712641 1430112322	
0 1083394991 3454942386 3649045318 1994507682 4112518923 2203438724 2824890499 1638609704 331219308 2999558953 3524065126 131871829 3295815498 362647885 4258525089 3390545656 2467071049 1214918195 2965166580 648299962 989097633 4181232444 3484842215 3754452299 3164366844 3268628324 2169194919 3578303371 1668394961 1552103602 2051163565 4068714951 1068486945 1331964967 3124735508 503523818 2201423994 1759058572 1546087723 103118721 630890747 1157734194 2621622536 2934824804 2429821563 3153662117 4145317105 168721373 4077923174 76750958 1430112322	
0 1614564814 3454942386 2924471996 1994507682 4112518923 1529520946 2824890499 1139488070 331219308 2999558953 3524065126 2589233783 3490111306 348965350 4258525089 2103863861 2467071049 1214918195 4067838632 2999644973 989097633 2511575324 3484842215 3754452299 2282412694 3468144064 2169194919 3784310625 1668394961 1552103602 2208327497 1692767744 1068486945 1331964967 4049155636 503523818 789587149 949498507 2950341681 1167497649 3828226200 1157734194 2621622536 2934824804 2429821563 3402335971 2213670597 168721373 2497281745 1025604564 1430112322	
0 1083394991 3454942386 2924471996 1994507682 4112518923 2808859044 2824890499 1139488070 331219308 2999558953 3524065126 2589233783 3295815498 1886972492 4258525089 543806788 2467071049 2832312000 862088666 648299962 989097633 4181232444 3484842215 3754452299 2282412694 3468144064 2169194919 3578303371 2992361098 1552103602 2051163565 4068714951 1068486945 1331964967 3124735508 503523818 2201423994 4134641856 4251437368 3045466095 630890747 1157734194 2621622536 2934824804 2429821563 3153662117 2607437349 2730127352 2192770400 3705845608 1430112322	
0 1614564814 3454942386 1560336220 1994507682 4112518923 2203438724 2824890499 2722132332 331219308 2999558953 3524065126 600785841 3661966879 348965350 4258525089 3397201191 2467071049 1214918195 2965166580 562900972 989097633 2511575324 3484842215 3754452299 3256501030 847094226 2169194919 3784310625 1668394961 1552103602 3159882689 1692767744 1068486945 1331964967 3113006428 503523818 1668202269 1999760145 2423347064 1644060018 3828226200 1157734194 2621622536 2934824804 2429821563 609703868 1196281327 168721373 4077923174 2899628589 1430112322	
0 1614564814 3454942386 3201352653 1994507682 4112518923 2808859044 2824890499 144944517 331219308 2999558953 3524065126 4153900588 3507834445 348965350 4258525089 2581869262 2467071049 2832312000 862088666 1688910903 989097633 2511575324 3484842215 3754452299 1853351806 3514939599 2169194919 3784310625 2992361098 1552103602 3269753752 1692767744 1068486945 1331964967 2257091313 503523818 3650476081 2202572358 1662289738 3740422315 3828226200 1157734194 2621622536 2934824804 2429821563 687381725 3783144835 2730127352 2192770400 2489252294 1430112322	
0 3768420552 3454942386 417775299 1994507682 4112518923 2203438724 2824890499 1638609704 331219308 2999558953 3524065126 2119957054 40996090 362647885 4258525089 2695876773 2467071049 1214918195 2965166580 1659218527 4072383076 3175070855 3484842215 3754452299 3053236767 776439774 2169194919 664194804 1668394961 1552103602 261504711 2369629527 1068486945 1331964967 3413310241 503523818 3454216039 2477976788 1599090606 1718860620 409439540 1157734194 2621622536 2934824804 2429821563 4085699543 1802420461 168721373 4077923174 2405640134 1430112322	
0 941971035 3454942386 854720261 1994507682 4112518923 2203438724 2824890499 3976027647 331219308 2999558953 3524065126 3040060696 3997492553 3676840785 4258525089 2318824310 2467071049 1214918195 2965166580 1502963371 989097633 2076461858 3484842215 3754452299 722686710 609342700 2169194919 2864731008 1668394961 1552103602 414185897 31130388 1068486945 1331964967 1728049363 503523818 867396152 4976358 840672934 2886266439 3162095595 1157734194 2621622536 2934824804 2429821563 246159599 21015811 168721373 4077923174 3497326707 1430112322	
0 1083394991 3454942386 854720261 1994507682 4112518923 2203438724 2824890499 3976027647 331219308 2999558953 3524065126 3040060696 3422913332 3676840785 4258525089 2318824310 2467071049 1214918195 2965166580 2009499608 989097633 4181232444 3484842215 3754452299 722686710 609342700 2169194919 3578303371 1668394961 1552103602 2633191638 4068714951 1068486945 1331964967 408795628 503523818 242579288 4976358 840672934 2886266439 630890747 1157734194 2621622536 2934824804 2429821563 3289177414 21015811 168721373 4077923174 3497326707 1430112322	
0 1083394991 3454942386 1560336220 1994507682 4112518923 2203438724 2824890499 1139488070 331219308 2999558953 3524065126 600785841 3110804562 1886972492 4258525089 3503330775 2467071049 1214918195 2965166580 3376545127 989097633 4181232444 3484842215 3754452299 3256501030 847094226 2169194919 3578303371 1668394961 1552103602 2337062318 4068714951 1068486945 1331964967 3828946292 503523818 611520789 1275669396 2837396364 3348860851 630890747 1157734194 2621622536 2934824804 2429821563 1533248029 1565950777 168721373 4077923174 1996335778 1430112322	
0 4205517319 3454942386 2314258123 1994507682 4112518923 2808859044 2824890499 1638609704 331219308 2999558953 3524065126 1362623528 1855717160 362647885 4258525089 2361808646 2467071049 2832312000 862088666 2159361327 989097633 2641233962 3484842215 3754452299 1555871589 437913326 2169194919 2012617064 2992361098 1552103602 1830739977 3576510868 1068486945 1331964967 220906968 503523818 1563778072 1386360476 4109548880 4276299284 1042673590 1157734194 2621622536 2934824804 2429821563 1507441971 1828311294 2730127352 2192770400 2662349798 1430112322	
0 1083394991 3454942386 1402554340 1994507682 4112518923 2203438724 2824890499 340283560 331219308 2999558953 3524065126 2949164478 1855717160 348965350 4258525089 1868785517 2467071049 1214918195 2965166580 2159361327 989097633 4181232444 3484842215 3754452299 240321797 3889918511 2169194919 3578303371 1668394961 1552103602 1830739977 4068714951 1068486945 1331964967 220906968 503523818 1563778072 2256266646 4255505763 520661538 630890747 1157734194 2621622536 2934824804 2429821563 722599523 1249324714 168721373 4077923174 1123418009 1430112322	
0 3768420552 3454942386 1402554340 1994507682 4112518923 2203438724 2824890499 340283560 331219308 2999558953 3524065126 2949164478 2669474086 348965350 4258525089 1868785517 2467071049 1214918195 2965166580 1794856285 4072383076 3175070855 3484842215 3754452299 240321797 3889918511 2169194919 664194804 1668394961 1552103602 943524439 2369629527 1068486945 1331964967 587092444 503523818 2919182003 2256266646 4255505763 520661538 409439540 1157734194 2621622536 2934824804 2429821563 1605803999 1249324714 168721373 4077923174 1123418009 1430112322	
